  +0.000   +2.000   +0.000
  +0.100   +2.000   +0.003
  +0.200   +2.000   +0.007
  +0.300   +2.000   +0.010
  +0.400   +2.000   +0.014
  +0.500   +2.000   +0.017
  +0.600   +2.000   +0.021
  +0.700   +2.000   +0.024
  +0.800   +2.000   +0.028
  +0.900   +2.000   +0.031
  +1.000   +2.000   +0.035
  +1.100   +2.000   +0.038
  +1.200   +2.000   +0.042
  +1.300   +1.999   +0.045
  +1.400   +1.999   +0.049
  +1.500   +1.999   +0.052
  +1.600   +1.999   +0.056
  +1.700   +1.999   +0.059
  +1.800   +1.999   +0.063
  +1.900   +1.999   +0.066
  +2.000   +1.999   +0.070
  +2.100   +1.999   +0.073
  +2.200   +1.999   +0.077
  +2.300   +1.998   +0.080
  +2.400   +1.998   +0.084
  +2.500   +1.998   +0.087
  +2.600   +1.998   +0.091
  +2.700   +1.998   +0.094
  +2.800   +1.998   +0.098
  +2.900   +1.997   +0.101
  +3.000   +1.997   +0.105
  +3.100   +1.997   +0.108
  +3.200   +1.997   +0.112
  +3.300   +1.997   +0.115
  +3.400   +1.996   +0.119
  +3.500   +1.996   +0.122
  +3.600   +1.996   +0.126
  +3.700   +1.996   +0.129
  +3.800   +1.996   +0.133
  +3.900   +1.995   +0.136
  +4.000   +1.995   +0.140
  +4.100   +1.995   +0.143
  +4.200   +1.995   +0.146
  +4.300   +1.994   +0.150
  +4.400   +1.994   +0.153
  +4.500   +1.994   +0.157
  +4.600   +1.994   +0.160
  +4.700   +1.993   +0.164
  +4.800   +1.993   +0.167
  +4.900   +1.993   +0.171
  +5.000   +1.992   +0.174
  +5.100   +1.992   +0.178
  +5.200   +1.992   +0.181
  +5.300   +1.991   +0.185
  +5.400   +1.991   +0.188
  +5.500   +1.991   +0.192
  +5.600   +1.990   +0.195
  +5.700   +1.990   +0.199
  +5.800   +1.990   +0.202
  +5.900   +1.989   +0.206
  +6.000   +1.989   +0.209
  +6.100   +1.989   +0.213
  +6.200   +1.988   +0.216
  +6.300   +1.988   +0.219
  +6.400   +1.988   +0.223
  +6.500   +1.987   +0.226
  +6.600   +1.987   +0.230
  +6.700   +1.986   +0.233
  +6.800   +1.986   +0.237
  +6.900   +1.986   +0.240
  +7.000   +1.985   +0.244
  +7.100   +1.985   +0.247
  +7.200   +1.984   +0.251
  +7.300   +1.984   +0.254
  +7.400   +1.983   +0.258
  +7.500   +1.983   +0.261
  +7.600   +1.982   +0.265
  +7.700   +1.982   +0.268
  +7.800   +1.981   +0.271
  +7.900   +1.981   +0.275
  +8.000   +1.981   +0.278
  +8.100   +1.980   +0.282
  +8.200   +1.980   +0.285
  +8.300   +1.979   +0.289
  +8.400   +1.979   +0.292
  +8.500   +1.978   +0.296
  +8.600   +1.978   +0.299
  +8.700   +1.977   +0.303
  +8.800   +1.976   +0.306
  +8.900   +1.976   +0.309
  +9.000   +1.975   +0.313
  +9.100   +1.975   +0.316
  +9.200   +1.974   +0.320
  +9.300   +1.974   +0.323
  +9.400   +1.973   +0.327
  +9.500   +1.973   +0.330
  +9.600   +1.972   +0.334
  +9.700   +1.971   +0.337
  +9.800   +1.971   +0.340
  +9.900   +1.970   +0.344
 +10.000   +1.970   +0.347
 +10.100   +1.969   +0.351
 +10.200   +1.968   +0.354
 +10.300   +1.968   +0.358
 +10.400   +1.967   +0.361
 +10.500   +1.967   +0.364
 +10.600   +1.966   +0.368
 +10.700   +1.965   +0.371
 +10.800   +1.965   +0.375
 +10.900   +1.964   +0.378
 +11.000   +1.963   +0.382
 +11.100   +1.963   +0.385
 +11.200   +1.962   +0.388
 +11.300   +1.961   +0.392
 +11.400   +1.961   +0.395
 +11.500   +1.960   +0.399
 +11.600   +1.959   +0.402
 +11.700   +1.958   +0.406
 +11.800   +1.958   +0.409
 +11.900   +1.957   +0.412
 +12.000   +1.956   +0.416
 +12.100   +1.956   +0.419
 +12.200   +1.955   +0.423
 +12.300   +1.954   +0.426
 +12.400   +1.953   +0.429
 +12.500   +1.953   +0.433
 +12.600   +1.952   +0.436
 +12.700   +1.951   +0.440
 +12.800   +1.950   +0.443
 +12.900   +1.950   +0.447
 +13.000   +1.949   +0.450
 +13.100   +1.948   +0.453
 +13.200   +1.947   +0.457
 +13.300   +1.946   +0.460
 +13.400   +1.946   +0.463
 +13.500   +1.945   +0.467
 +13.600   +1.944   +0.470
 +13.700   +1.943   +0.474
 +13.800   +1.942   +0.477
 +13.900   +1.941   +0.480
 +14.000   +1.941   +0.484
 +14.100   +1.940   +0.487
 +14.200   +1.939   +0.491
 +14.300   +1.938   +0.494
 +14.400   +1.937   +0.497
 +14.500   +1.936   +0.501
 +14.600   +1.935   +0.504
 +14.700   +1.935   +0.508
 +14.800   +1.934   +0.511
 +14.900   +1.933   +0.514
 +15.000   +1.932   +0.518
 +15.100   +1.931   +0.521
 +15.200   +1.930   +0.524
 +15.300   +1.929   +0.528
 +15.400   +1.928   +0.531
 +15.500   +1.927   +0.534
 +15.600   +1.926   +0.538
 +15.700   +1.925   +0.541
 +15.800   +1.924   +0.545
 +15.900   +1.923   +0.548
 +16.000   +1.923   +0.551
 +16.100   +1.922   +0.555
 +16.200   +1.921   +0.558
 +16.300   +1.920   +0.561
 +16.400   +1.919   +0.565
 +16.500   +1.918   +0.568
 +16.600   +1.917   +0.571
 +16.700   +1.916   +0.575
 +16.800   +1.915   +0.578
 +16.900   +1.914   +0.581
 +17.000   +1.913   +0.585
 +17.100   +1.912   +0.588
 +17.200   +1.911   +0.591
 +17.300   +1.910   +0.595
 +17.400   +1.908   +0.598
 +17.500   +1.907   +0.601
 +17.600   +1.906   +0.605
 +17.700   +1.905   +0.608
 +17.800   +1.904   +0.611
 +17.900   +1.903   +0.615
 +18.000   +1.902   +0.618
 +18.100   +1.901   +0.621
 +18.200   +1.900   +0.625
 +18.300   +1.899   +0.628
 +18.400   +1.898   +0.631
 +18.500   +1.897   +0.635
 +18.600   +1.896   +0.638
 +18.700   +1.894   +0.641
 +18.800   +1.893   +0.645
 +18.900   +1.892   +0.648
 +19.000   +1.891   +0.651
 +19.100   +1.890   +0.654
 +19.200   +1.889   +0.658
 +19.300   +1.888   +0.661
 +19.400   +1.886   +0.664
 +19.500   +1.885   +0.668
 +19.600   +1.884   +0.671
 +19.700   +1.883   +0.674
 +19.800   +1.882   +0.677
 +19.900   +1.881   +0.681
 +20.000   +1.879   +0.684
 +20.100   +1.878   +0.687
 +20.200   +1.877   +0.691
 +20.300   +1.876   +0.694
 +20.400   +1.875   +0.697
 +20.500   +1.873   +0.700
 +20.600   +1.872   +0.704
 +20.700   +1.871   +0.707
 +20.800   +1.870   +0.710
 +20.900   +1.868   +0.713
 +21.000   +1.867   +0.717
 +21.100   +1.866   +0.720
 +21.200   +1.865   +0.723
 +21.300   +1.863   +0.727
 +21.400   +1.862   +0.730
 +21.500   +1.861   +0.733
 +21.600   +1.860   +0.736
 +21.700   +1.858   +0.739
 +21.800   +1.857   +0.743
 +21.900   +1.856   +0.746
 +22.000   +1.854   +0.749
 +22.100   +1.853   +0.752
 +22.200   +1.852   +0.756
 +22.300   +1.850   +0.759
 +22.400   +1.849   +0.762
 +22.500   +1.848   +0.765
 +22.600   +1.846   +0.769
 +22.700   +1.845   +0.772
 +22.800   +1.844   +0.775
 +22.900   +1.842   +0.778
 +23.000   +1.841   +0.781
 +23.100   +1.840   +0.785
 +23.200   +1.838   +0.788
 +23.300   +1.837   +0.791
 +23.400   +1.836   +0.794
 +23.500   +1.834   +0.797
 +23.600   +1.833   +0.801
 +23.700   +1.831   +0.804
 +23.800   +1.830   +0.807
 +23.900   +1.829   +0.810
 +24.000   +1.827   +0.813
 +24.100   +1.826   +0.817
 +24.200   +1.824   +0.820
 +24.300   +1.823   +0.823
 +24.400   +1.821   +0.826
 +24.500   +1.820   +0.829
 +24.600   +1.818   +0.833
 +24.700   +1.817   +0.836
 +24.800   +1.816   +0.839
 +24.900   +1.814   +0.842
 +25.000   +1.813   +0.845
 +25.100   +1.811   +0.848
 +25.200   +1.810   +0.852
 +25.300   +1.808   +0.855
 +25.400   +1.807   +0.858
 +25.500   +1.805   +0.861
 +25.600   +1.804   +0.864
 +25.700   +1.802   +0.867
 +25.800   +1.801   +0.870
 +25.900   +1.799   +0.874
 +26.000   +1.798   +0.877
 +26.100   +1.796   +0.880
 +26.200   +1.795   +0.883
 +26.300   +1.793   +0.886
 +26.400   +1.791   +0.889
 +26.500   +1.790   +0.892
 +26.600   +1.788   +0.896
 +26.700   +1.787   +0.899
 +26.800   +1.785   +0.902
 +26.900   +1.784   +0.905
 +27.000   +1.782   +0.908
 +27.100   +1.780   +0.911
 +27.200   +1.779   +0.914
 +27.300   +1.777   +0.917
 +27.400   +1.776   +0.920
 +27.500   +1.774   +0.923
 +27.600   +1.772   +0.927
 +27.700   +1.771   +0.930
 +27.800   +1.769   +0.933
 +27.900   +1.768   +0.936
 +28.000   +1.766   +0.939
 +28.100   +1.764   +0.942
 +28.200   +1.763   +0.945
 +28.300   +1.761   +0.948
 +28.400   +1.759   +0.951
 +28.500   +1.758   +0.954
 +28.600   +1.756   +0.957
 +28.700   +1.754   +0.960
 +28.800   +1.753   +0.964
 +28.900   +1.751   +0.967
 +29.000   +1.749   +0.970
 +29.100   +1.748   +0.973
 +29.200   +1.746   +0.976
 +29.300   +1.744   +0.979
 +29.400   +1.742   +0.982
 +29.500   +1.741   +0.985
 +29.600   +1.739   +0.988
 +29.700   +1.737   +0.991
 +29.800   +1.736   +0.994
 +29.900   +1.734   +0.997
 +30.000   +1.732   +1.000
 +30.100   +1.730   +1.003
 +30.200   +1.729   +1.006
 +30.300   +1.727   +1.009
 +30.400   +1.725   +1.012
 +30.500   +1.723   +1.015
 +30.600   +1.721   +1.018
 +30.700   +1.720   +1.021
 +30.800   +1.718   +1.024
 +30.900   +1.716   +1.027
 +31.000   +1.714   +1.030
 +31.100   +1.713   +1.033
 +31.200   +1.711   +1.036
 +31.300   +1.709   +1.039
 +31.400   +1.707   +1.042
 +31.500   +1.705   +1.045
 +31.600   +1.703   +1.048
 +31.700   +1.702   +1.051
 +31.800   +1.700   +1.054
 +31.900   +1.698   +1.057
 +32.000   +1.696   +1.060
 +32.100   +1.694   +1.063
 +32.200   +1.692   +1.066
 +32.300   +1.691   +1.069
 +32.400   +1.689   +1.072
 +32.500   +1.687   +1.075
 +32.600   +1.685   +1.078
 +32.700   +1.683   +1.080
 +32.800   +1.681   +1.083
 +32.900   +1.679   +1.086
 +33.000   +1.677   +1.089
 +33.100   +1.675   +1.092
 +33.200   +1.674   +1.095
 +33.300   +1.672   +1.098
 +33.400   +1.670   +1.101
 +33.500   +1.668   +1.104
 +33.600   +1.666   +1.107
 +33.700   +1.664   +1.110
 +33.800   +1.662   +1.113
 +33.900   +1.660   +1.115
 +34.000   +1.658   +1.118
 +34.100   +1.656   +1.121
 +34.200   +1.654   +1.124
 +34.300   +1.652   +1.127
 +34.400   +1.650   +1.130
 +34.500   +1.648   +1.133
 +34.600   +1.646   +1.136
 +34.700   +1.644   +1.139
 +34.800   +1.642   +1.141
 +34.900   +1.640   +1.144
 +35.000   +1.638   +1.147
 +35.100   +1.636   +1.150
 +35.200   +1.634   +1.153
 +35.300   +1.632   +1.156
 +35.400   +1.630   +1.159
 +35.500   +1.628   +1.161
 +35.600   +1.626   +1.164
 +35.700   +1.624   +1.167
 +35.800   +1.622   +1.170
 +35.900   +1.620   +1.173
 +36.000   +1.618   +1.176
 +36.100   +1.616   +1.178
 +36.200   +1.614   +1.181
 +36.300   +1.612   +1.184
 +36.400   +1.610   +1.187
 +36.500   +1.608   +1.190
 +36.600   +1.606   +1.192
 +36.700   +1.604   +1.195
 +36.800   +1.601   +1.198
 +36.900   +1.599   +1.201
 +37.000   +1.597   +1.204
 +37.100   +1.595   +1.206
 +37.200   +1.593   +1.209
 +37.300   +1.591   +1.212
 +37.400   +1.589   +1.215
 +37.500   +1.587   +1.218
 +37.600   +1.585   +1.220
 +37.700   +1.582   +1.223
 +37.800   +1.580   +1.226
 +37.900   +1.578   +1.229
 +38.000   +1.576   +1.231
 +38.100   +1.574   +1.234
 +38.200   +1.572   +1.237
 +38.300   +1.570   +1.240
 +38.400   +1.567   +1.242
 +38.500   +1.565   +1.245
 +38.600   +1.563   +1.248
 +38.700   +1.561   +1.250
 +38.800   +1.559   +1.253
 +38.900   +1.556   +1.256
 +39.000   +1.554   +1.259
 +39.100   +1.552   +1.261
 +39.200   +1.550   +1.264
 +39.300   +1.548   +1.267
 +39.400   +1.545   +1.269
 +39.500   +1.543   +1.272
 +39.600   +1.541   +1.275
 +39.700   +1.539   +1.278
 +39.800   +1.537   +1.280
 +39.900   +1.534   +1.283
 +40.000   +1.532   +1.286
 +40.100   +1.530   +1.288
 +40.200   +1.528   +1.291
 +40.300   +1.525   +1.294
 +40.400   +1.523   +1.296
 +40.500   +1.521   +1.299
 +40.600   +1.519   +1.302
 +40.700   +1.516   +1.304
 +40.800   +1.514   +1.307
 +40.900   +1.512   +1.309
 +41.000   +1.509   +1.312
 +41.100   +1.507   +1.315
 +41.200   +1.505   +1.317
 +41.300   +1.503   +1.320
 +41.400   +1.500   +1.323
 +41.500   +1.498   +1.325
 +41.600   +1.496   +1.328
 +41.700   +1.493   +1.330
 +41.800   +1.491   +1.333
 +41.900   +1.489   +1.336
 +42.000   +1.486   +1.338
 +42.100   +1.484   +1.341
 +42.200   +1.482   +1.343
 +42.300   +1.479   +1.346
 +42.400   +1.477   +1.349
 +42.500   +1.475   +1.351
 +42.600   +1.472   +1.354
 +42.700   +1.470   +1.356
 +42.800   +1.467   +1.359
 +42.900   +1.465   +1.361
 +43.000   +1.463   +1.364
 +43.100   +1.460   +1.367
 +43.200   +1.458   +1.369
 +43.300   +1.456   +1.372
 +43.400   +1.453   +1.374
 +43.500   +1.451   +1.377
 +43.600   +1.448   +1.379
 +43.700   +1.446   +1.382
 +43.800   +1.444   +1.384
 +43.900   +1.441   +1.387
 +44.000   +1.439   +1.389
 +44.100   +1.436   +1.392
 +44.200   +1.434   +1.394
 +44.300   +1.431   +1.397
 +44.400   +1.429   +1.399
 +44.500   +1.427   +1.402
 +44.600   +1.424   +1.404
 +44.700   +1.422   +1.407
 +44.800   +1.419   +1.409
 +44.900   +1.417   +1.412
 +45.000   +1.414   +1.414
 +45.100   +1.412   +1.417
 +45.200   +1.409   +1.419
 +45.300   +1.407   +1.422
 +45.400   +1.404   +1.424
 +45.500   +1.402   +1.427
 +45.600   +1.399   +1.429
 +45.700   +1.397   +1.431
 +45.800   +1.394   +1.434
 +45.900   +1.392   +1.436
 +46.000   +1.389   +1.439
 +46.100   +1.387   +1.441
 +46.200   +1.384   +1.444
 +46.300   +1.382   +1.446
 +46.400   +1.379   +1.448
 +46.500   +1.377   +1.451
 +46.600   +1.374   +1.453
 +46.700   +1.372   +1.456
 +46.800   +1.369   +1.458
 +46.900   +1.367   +1.460
 +47.000   +1.364   +1.463
 +47.100   +1.361   +1.465
 +47.200   +1.359   +1.467
 +47.300   +1.356   +1.470
 +47.400   +1.354   +1.472
 +47.500   +1.351   +1.475
 +47.600   +1.349   +1.477
 +47.700   +1.346   +1.479
 +47.800   +1.343   +1.482
 +47.900   +1.341   +1.484
 +48.000   +1.338   +1.486
 +48.100   +1.336   +1.489
 +48.200   +1.333   +1.491
 +48.300   +1.330   +1.493
 +48.400   +1.328   +1.496
 +48.500   +1.325   +1.498
 +48.600   +1.323   +1.500
 +48.700   +1.320   +1.503
 +48.800   +1.317   +1.505
 +48.900   +1.315   +1.507
 +49.000   +1.312   +1.509
 +49.100   +1.309   +1.512
 +49.200   +1.307   +1.514
 +49.300   +1.304   +1.516
 +49.400   +1.302   +1.519
 +49.500   +1.299   +1.521
 +49.600   +1.296   +1.523
 +49.700   +1.294   +1.525
 +49.800   +1.291   +1.528
 +49.900   +1.288   +1.530
 +50.000   +1.286   +1.532
 +50.100   +1.283   +1.534
 +50.200   +1.280   +1.537
 +50.300   +1.278   +1.539
 +50.400   +1.275   +1.541
 +50.500   +1.272   +1.543
 +50.600   +1.269   +1.545
 +50.700   +1.267   +1.548
 +50.800   +1.264   +1.550
 +50.900   +1.261   +1.552
 +51.000   +1.259   +1.554
 +51.100   +1.256   +1.556
 +51.200   +1.253   +1.559
 +51.300   +1.250   +1.561
 +51.400   +1.248   +1.563
 +51.500   +1.245   +1.565
 +51.600   +1.242   +1.567
 +51.700   +1.240   +1.570
 +51.800   +1.237   +1.572
 +51.900   +1.234   +1.574
 +52.000   +1.231   +1.576
 +52.100   +1.229   +1.578
 +52.200   +1.226   +1.580
 +52.300   +1.223   +1.582
 +52.400   +1.220   +1.585
 +52.500   +1.218   +1.587
 +52.600   +1.215   +1.589
 +52.700   +1.212   +1.591
 +52.800   +1.209   +1.593
 +52.900   +1.206   +1.595
 +53.000   +1.204   +1.597
 +53.100   +1.201   +1.599
 +53.200   +1.198   +1.601
 +53.300   +1.195   +1.604
 +53.400   +1.192   +1.606
 +53.500   +1.190   +1.608
 +53.600   +1.187   +1.610
 +53.700   +1.184   +1.612
 +53.800   +1.181   +1.614
 +53.900   +1.178   +1.616
 +54.000   +1.176   +1.618
 +54.100   +1.173   +1.620
 +54.200   +1.170   +1.622
 +54.300   +1.167   +1.624
 +54.400   +1.164   +1.626
 +54.500   +1.161   +1.628
 +54.600   +1.159   +1.630
 +54.700   +1.156   +1.632
 +54.800   +1.153   +1.634
 +54.900   +1.150   +1.636
 +55.000   +1.147   +1.638
 +55.100   +1.144   +1.640
 +55.200   +1.141   +1.642
 +55.300   +1.139   +1.644
 +55.400   +1.136   +1.646
 +55.500   +1.133   +1.648
 +55.600   +1.130   +1.650
 +55.700   +1.127   +1.652
 +55.800   +1.124   +1.654
 +55.900   +1.121   +1.656
 +56.000   +1.118   +1.658
 +56.100   +1.115   +1.660
 +56.200   +1.113   +1.662
 +56.300   +1.110   +1.664
 +56.400   +1.107   +1.666
 +56.500   +1.104   +1.668
 +56.600   +1.101   +1.670
 +56.700   +1.098   +1.672
 +56.800   +1.095   +1.674
 +56.900   +1.092   +1.675
 +57.000   +1.089   +1.677
 +57.100   +1.086   +1.679
 +57.200   +1.083   +1.681
 +57.300   +1.080   +1.683
 +57.400   +1.078   +1.685
 +57.500   +1.075   +1.687
 +57.600   +1.072   +1.689
 +57.700   +1.069   +1.691
 +57.800   +1.066   +1.692
 +57.900   +1.063   +1.694
 +58.000   +1.060   +1.696
 +58.100   +1.057   +1.698
 +58.200   +1.054   +1.700
 +58.300   +1.051   +1.702
 +58.400   +1.048   +1.703
 +58.500   +1.045   +1.705
 +58.600   +1.042   +1.707
 +58.700   +1.039   +1.709
 +58.800   +1.036   +1.711
 +58.900   +1.033   +1.713
 +59.000   +1.030   +1.714
 +59.100   +1.027   +1.716
 +59.200   +1.024   +1.718
 +59.300   +1.021   +1.720
 +59.400   +1.018   +1.721
 +59.500   +1.015   +1.723
 +59.600   +1.012   +1.725
 +59.700   +1.009   +1.727
 +59.800   +1.006   +1.729
 +59.900   +1.003   +1.730
 +60.000   +1.000   +1.732
 +60.100   +0.997   +1.734
 +60.200   +0.994   +1.736
 +60.300   +0.991   +1.737
 +60.400   +0.988   +1.739
 +60.500   +0.985   +1.741
 +60.600   +0.982   +1.742
 +60.700   +0.979   +1.744
 +60.800   +0.976   +1.746
 +60.900   +0.973   +1.748
 +61.000   +0.970   +1.749
 +61.100   +0.967   +1.751
 +61.200   +0.964   +1.753
 +61.300   +0.960   +1.754
 +61.400   +0.957   +1.756
 +61.500   +0.954   +1.758
 +61.600   +0.951   +1.759
 +61.700   +0.948   +1.761
 +61.800   +0.945   +1.763
 +61.900   +0.942   +1.764
 +62.000   +0.939   +1.766
 +62.100   +0.936   +1.768
 +62.200   +0.933   +1.769
 +62.300   +0.930   +1.771
 +62.400   +0.927   +1.772
 +62.500   +0.923   +1.774
 +62.600   +0.920   +1.776
 +62.700   +0.917   +1.777
 +62.800   +0.914   +1.779
 +62.900   +0.911   +1.780
 +63.000   +0.908   +1.782
 +63.100   +0.905   +1.784
 +63.200   +0.902   +1.785
 +63.300   +0.899   +1.787
 +63.400   +0.896   +1.788
 +63.500   +0.892   +1.790
 +63.600   +0.889   +1.791
 +63.700   +0.886   +1.793
 +63.800   +0.883   +1.795
 +63.900   +0.880   +1.796
 +64.000   +0.877   +1.798
 +64.100   +0.874   +1.799
 +64.200   +0.870   +1.801
 +64.300   +0.867   +1.802
 +64.400   +0.864   +1.804
 +64.500   +0.861   +1.805
 +64.600   +0.858   +1.807
 +64.700   +0.855   +1.808
 +64.800   +0.852   +1.810
 +64.900   +0.848   +1.811
 +65.000   +0.845   +1.813
 +65.100   +0.842   +1.814
 +65.200   +0.839   +1.816
 +65.300   +0.836   +1.817
 +65.400   +0.833   +1.818
 +65.500   +0.829   +1.820
 +65.600   +0.826   +1.821
 +65.700   +0.823   +1.823
 +65.800   +0.820   +1.824
 +65.900   +0.817   +1.826
 +66.000   +0.813   +1.827
 +66.100   +0.810   +1.829
 +66.200   +0.807   +1.830
 +66.300   +0.804   +1.831
 +66.400   +0.801   +1.833
 +66.500   +0.797   +1.834
 +66.600   +0.794   +1.836
 +66.700   +0.791   +1.837
 +66.800   +0.788   +1.838
 +66.900   +0.785   +1.840
 +67.000   +0.781   +1.841
 +67.100   +0.778   +1.842
 +67.200   +0.775   +1.844
 +67.300   +0.772   +1.845
 +67.400   +0.769   +1.846
 +67.500   +0.765   +1.848
 +67.600   +0.762   +1.849
 +67.700   +0.759   +1.850
 +67.800   +0.756   +1.852
 +67.900   +0.752   +1.853
 +68.000   +0.749   +1.854
 +68.100   +0.746   +1.856
 +68.200   +0.743   +1.857
 +68.300   +0.739   +1.858
 +68.400   +0.736   +1.860
 +68.500   +0.733   +1.861
 +68.600   +0.730   +1.862
 +68.700   +0.727   +1.863
 +68.800   +0.723   +1.865
 +68.900   +0.720   +1.866
 +69.000   +0.717   +1.867
 +69.100   +0.713   +1.868
 +69.200   +0.710   +1.870
 +69.300   +0.707   +1.871
 +69.400   +0.704   +1.872
 +69.500   +0.700   +1.873
 +69.600   +0.697   +1.875
 +69.700   +0.694   +1.876
 +69.800   +0.691   +1.877
 +69.900   +0.687   +1.878
 +70.000   +0.684   +1.879
 +70.100   +0.681   +1.881
 +70.200   +0.677   +1.882
 +70.300   +0.674   +1.883
 +70.400   +0.671   +1.884
 +70.500   +0.668   +1.885
 +70.600   +0.664   +1.886
 +70.700   +0.661   +1.888
 +70.800   +0.658   +1.889
 +70.900   +0.654   +1.890
 +71.000   +0.651   +1.891
 +71.100   +0.648   +1.892
 +71.200   +0.645   +1.893
 +71.300   +0.641   +1.894
 +71.400   +0.638   +1.896
 +71.500   +0.635   +1.897
 +71.600   +0.631   +1.898
 +71.700   +0.628   +1.899
 +71.800   +0.625   +1.900
 +71.900   +0.621   +1.901
 +72.000   +0.618   +1.902
 +72.100   +0.615   +1.903
 +72.200   +0.611   +1.904
 +72.300   +0.608   +1.905
 +72.400   +0.605   +1.906
 +72.500   +0.601   +1.907
 +72.600   +0.598   +1.908
 +72.700   +0.595   +1.910
 +72.800   +0.591   +1.911
 +72.900   +0.588   +1.912
 +73.000   +0.585   +1.913
 +73.100   +0.581   +1.914
 +73.200   +0.578   +1.915
 +73.300   +0.575   +1.916
 +73.400   +0.571   +1.917
 +73.500   +0.568   +1.918
 +73.600   +0.565   +1.919
 +73.700   +0.561   +1.920
 +73.800   +0.558   +1.921
 +73.900   +0.555   +1.922
 +74.000   +0.551   +1.923
 +74.100   +0.548   +1.923
 +74.200   +0.545   +1.924
 +74.300   +0.541   +1.925
 +74.400   +0.538   +1.926
 +74.500   +0.534   +1.927
 +74.600   +0.531   +1.928
 +74.700   +0.528   +1.929
 +74.800   +0.524   +1.930
 +74.900   +0.521   +1.931
 +75.000   +0.518   +1.932
 +75.100   +0.514   +1.933
 +75.200   +0.511   +1.934
 +75.300   +0.508   +1.935
 +75.400   +0.504   +1.935
 +75.500   +0.501   +1.936
 +75.600   +0.497   +1.937
 +75.700   +0.494   +1.938
 +75.800   +0.491   +1.939
 +75.900   +0.487   +1.940
 +76.000   +0.484   +1.941
 +76.100   +0.480   +1.941
 +76.200   +0.477   +1.942
 +76.300   +0.474   +1.943
 +76.400   +0.470   +1.944
 +76.500   +0.467   +1.945
 +76.600   +0.463   +1.946
 +76.700   +0.460   +1.946
 +76.800   +0.457   +1.947
 +76.900   +0.453   +1.948
 +77.000   +0.450   +1.949
 +77.100   +0.447   +1.950
 +77.200   +0.443   +1.950
 +77.300   +0.440   +1.951
 +77.400   +0.436   +1.952
 +77.500   +0.433   +1.953
 +77.600   +0.429   +1.953
 +77.700   +0.426   +1.954
 +77.800   +0.423   +1.955
 +77.900   +0.419   +1.956
 +78.000   +0.416   +1.956
 +78.100   +0.412   +1.957
 +78.200   +0.409   +1.958
 +78.300   +0.406   +1.958
 +78.400   +0.402   +1.959
 +78.500   +0.399   +1.960
 +78.600   +0.395   +1.961
 +78.700   +0.392   +1.961
 +78.800   +0.388   +1.962
 +78.900   +0.385   +1.963
 +79.000   +0.382   +1.963
 +79.100   +0.378   +1.964
 +79.200   +0.375   +1.965
 +79.300   +0.371   +1.965
 +79.400   +0.368   +1.966
 +79.500   +0.364   +1.967
 +79.600   +0.361   +1.967
 +79.700   +0.358   +1.968
 +79.800   +0.354   +1.968
 +79.900   +0.351   +1.969
 +80.000   +0.347   +1.970
 +80.100   +0.344   +1.970
 +80.200   +0.340   +1.971
 +80.300   +0.337   +1.971
 +80.400   +0.334   +1.972
 +80.500   +0.330   +1.973
 +80.600   +0.327   +1.973
 +80.700   +0.323   +1.974
 +80.800   +0.320   +1.974
 +80.900   +0.316   +1.975
 +81.000   +0.313   +1.975
 +81.100   +0.309   +1.976
 +81.200   +0.306   +1.976
 +81.300   +0.303   +1.977
 +81.400   +0.299   +1.978
 +81.500   +0.296   +1.978
 +81.600   +0.292   +1.979
 +81.700   +0.289   +1.979
 +81.800   +0.285   +1.980
 +81.900   +0.282   +1.980
 +82.000   +0.278   +1.981
 +82.100   +0.275   +1.981
 +82.200   +0.271   +1.981
 +82.300   +0.268   +1.982
 +82.400   +0.265   +1.982
 +82.500   +0.261   +1.983
 +82.600   +0.258   +1.983
 +82.700   +0.254   +1.984
 +82.800   +0.251   +1.984
 +82.900   +0.247   +1.985
 +83.000   +0.244   +1.985
 +83.100   +0.240   +1.986
 +83.200   +0.237   +1.986
 +83.300   +0.233   +1.986
 +83.400   +0.230   +1.987
 +83.500   +0.226   +1.987
 +83.600   +0.223   +1.988
 +83.700   +0.219   +1.988
 +83.800   +0.216   +1.988
 +83.900   +0.213   +1.989
 +84.000   +0.209   +1.989
 +84.100   +0.206   +1.989
 +84.200   +0.202   +1.990
 +84.300   +0.199   +1.990
 +84.400   +0.195   +1.990
 +84.500   +0.192   +1.991
 +84.600   +0.188   +1.991
 +84.700   +0.185   +1.991
 +84.800   +0.181   +1.992
 +84.900   +0.178   +1.992
 +85.000   +0.174   +1.992
 +85.100   +0.171   +1.993
 +85.200   +0.167   +1.993
 +85.300   +0.164   +1.993
 +85.400   +0.160   +1.994
 +85.500   +0.157   +1.994
 +85.600   +0.153   +1.994
 +85.700   +0.150   +1.994
 +85.800   +0.146   +1.995
 +85.900   +0.143   +1.995
 +86.000   +0.140   +1.995
 +86.100   +0.136   +1.995
 +86.200   +0.133   +1.996
 +86.300   +0.129   +1.996
 +86.400   +0.126   +1.996
 +86.500   +0.122   +1.996
 +86.600   +0.119   +1.996
 +86.700   +0.115   +1.997
 +86.800   +0.112   +1.997
 +86.900   +0.108   +1.997
 +87.000   +0.105   +1.997
 +87.100   +0.101   +1.997
 +87.200   +0.098   +1.998
 +87.300   +0.094   +1.998
 +87.400   +0.091   +1.998
 +87.500   +0.087   +1.998
 +87.600   +0.084   +1.998
 +87.700   +0.080   +1.998
 +87.800   +0.077   +1.999
 +87.900   +0.073   +1.999
 +88.000   +0.070   +1.999
 +88.100   +0.066   +1.999
 +88.200   +0.063   +1.999
 +88.300   +0.059   +1.999
 +88.400   +0.056   +1.999
 +88.500   +0.052   +1.999
 +88.600   +0.049   +1.999
 +88.700   +0.045   +1.999
 +88.800   +0.042   +2.000
 +88.900   +0.038   +2.000
 +89.000   +0.035   +2.000
 +89.100   +0.031   +2.000
 +89.200   +0.028   +2.000
 +89.300   +0.024   +2.000
 +89.400   +0.021   +2.000
 +89.500   +0.017   +2.000
 +89.600   +0.014   +2.000
 +89.700   +0.010   +2.000
 +89.800   +0.007   +2.000
 +89.900   +0.003   +2.000
 +90.000   +0.000   +2.000
 +90.100   -0.003   +2.000
 +90.200   -0.007   +2.000
 +90.300   -0.010   +2.000
 +90.400   -0.014   +2.000
 +90.500   -0.017   +2.000
 +90.600   -0.021   +2.000
 +90.700   -0.024   +2.000
 +90.800   -0.028   +2.000
 +90.900   -0.031   +2.000
 +91.000   -0.035   +2.000
 +91.100   -0.038   +2.000
 +91.200   -0.042   +2.000
 +91.300   -0.045   +1.999
 +91.400   -0.049   +1.999
 +91.500   -0.052   +1.999
 +91.600   -0.056   +1.999
 +91.700   -0.059   +1.999
 +91.800   -0.063   +1.999
 +91.900   -0.066   +1.999
 +92.000   -0.070   +1.999
 +92.100   -0.073   +1.999
 +92.200   -0.077   +1.999
 +92.300   -0.080   +1.998
 +92.400   -0.084   +1.998
 +92.500   -0.087   +1.998
 +92.600   -0.091   +1.998
 +92.700   -0.094   +1.998
 +92.800   -0.098   +1.998
 +92.900   -0.101   +1.997
 +93.000   -0.105   +1.997
 +93.100   -0.108   +1.997
 +93.200   -0.112   +1.997
 +93.300   -0.115   +1.997
 +93.400   -0.119   +1.996
 +93.500   -0.122   +1.996
 +93.600   -0.126   +1.996
 +93.700   -0.129   +1.996
 +93.800   -0.133   +1.996
 +93.900   -0.136   +1.995
 +94.000   -0.140   +1.995
 +94.100   -0.143   +1.995
 +94.200   -0.146   +1.995
 +94.300   -0.150   +1.994
 +94.400   -0.153   +1.994
 +94.500   -0.157   +1.994
 +94.600   -0.160   +1.994
 +94.700   -0.164   +1.993
 +94.800   -0.167   +1.993
 +94.900   -0.171   +1.993
 +95.000   -0.174   +1.992
 +95.100   -0.178   +1.992
 +95.200   -0.181   +1.992
 +95.300   -0.185   +1.991
 +95.400   -0.188   +1.991
 +95.500   -0.192   +1.991
 +95.600   -0.195   +1.990
 +95.700   -0.199   +1.990
 +95.800   -0.202   +1.990
 +95.900   -0.206   +1.989
 +96.000   -0.209   +1.989
 +96.100   -0.213   +1.989
 +96.200   -0.216   +1.988
 +96.300   -0.219   +1.988
 +96.400   -0.223   +1.988
 +96.500   -0.226   +1.987
 +96.600   -0.230   +1.987
 +96.700   -0.233   +1.986
 +96.800   -0.237   +1.986
 +96.900   -0.240   +1.986
 +97.000   -0.244   +1.985
 +97.100   -0.247   +1.985
 +97.200   -0.251   +1.984
 +97.300   -0.254   +1.984
 +97.400   -0.258   +1.983
 +97.500   -0.261   +1.983
 +97.600   -0.265   +1.982
 +97.700   -0.268   +1.982
 +97.800   -0.271   +1.981
 +97.900   -0.275   +1.981
 +98.000   -0.278   +1.981
 +98.100   -0.282   +1.980
 +98.200   -0.285   +1.980
 +98.300   -0.289   +1.979
 +98.400   -0.292   +1.979
 +98.500   -0.296   +1.978
 +98.600   -0.299   +1.978
 +98.700   -0.303   +1.977
 +98.800   -0.306   +1.976
 +98.900   -0.309   +1.976
 +99.000   -0.313   +1.975
 +99.100   -0.316   +1.975
 +99.200   -0.320   +1.974
 +99.300   -0.323   +1.974
 +99.400   -0.327   +1.973
 +99.500   -0.330   +1.973
 +99.600   -0.334   +1.972
 +99.700   -0.337   +1.971
 +99.800   -0.340   +1.971
 +99.900   -0.344   +1.970
+100.000   -0.347   +1.970
+100.100   -0.351   +1.969
+100.200   -0.354   +1.968
+100.300   -0.358   +1.968
+100.400   -0.361   +1.967
+100.500   -0.364   +1.967
+100.600   -0.368   +1.966
+100.700   -0.371   +1.965
+100.800   -0.375   +1.965
+100.900   -0.378   +1.964
+101.000   -0.382   +1.963
+101.100   -0.385   +1.963
+101.200   -0.388   +1.962
+101.300   -0.392   +1.961
+101.400   -0.395   +1.961
+101.500   -0.399   +1.960
+101.600   -0.402   +1.959
+101.700   -0.406   +1.958
+101.800   -0.409   +1.958
+101.900   -0.412   +1.957
+102.000   -0.416   +1.956
+102.100   -0.419   +1.956
+102.200   -0.423   +1.955
+102.300   -0.426   +1.954
+102.400   -0.429   +1.953
+102.500   -0.433   +1.953
+102.600   -0.436   +1.952
+102.700   -0.440   +1.951
+102.800   -0.443   +1.950
+102.900   -0.447   +1.950
+103.000   -0.450   +1.949
+103.100   -0.453   +1.948
+103.200   -0.457   +1.947
+103.300   -0.460   +1.946
+103.400   -0.463   +1.946
+103.500   -0.467   +1.945
+103.600   -0.470   +1.944
+103.700   -0.474   +1.943
+103.800   -0.477   +1.942
+103.900   -0.480   +1.941
+104.000   -0.484   +1.941
+104.100   -0.487   +1.940
+104.200   -0.491   +1.939
+104.300   -0.494   +1.938
+104.400   -0.497   +1.937
+104.500   -0.501   +1.936
+104.600   -0.504   +1.935
+104.700   -0.508   +1.935
+104.800   -0.511   +1.934
+104.900   -0.514   +1.933
+105.000   -0.518   +1.932
+105.100   -0.521   +1.931
+105.200   -0.524   +1.930
+105.300   -0.528   +1.929
+105.400   -0.531   +1.928
+105.500   -0.534   +1.927
+105.600   -0.538   +1.926
+105.700   -0.541   +1.925
+105.800   -0.545   +1.924
+105.900   -0.548   +1.923
+106.000   -0.551   +1.923
+106.100   -0.555   +1.922
+106.200   -0.558   +1.921
+106.300   -0.561   +1.920
+106.400   -0.565   +1.919
+106.500   -0.568   +1.918
+106.600   -0.571   +1.917
+106.700   -0.575   +1.916
+106.800   -0.578   +1.915
+106.900   -0.581   +1.914
+107.000   -0.585   +1.913
+107.100   -0.588   +1.912
+107.200   -0.591   +1.911
+107.300   -0.595   +1.910
+107.400   -0.598   +1.908
+107.500   -0.601   +1.907
+107.600   -0.605   +1.906
+107.700   -0.608   +1.905
+107.800   -0.611   +1.904
+107.900   -0.615   +1.903
+108.000   -0.618   +1.902
+108.100   -0.621   +1.901
+108.200   -0.625   +1.900
+108.300   -0.628   +1.899
+108.400   -0.631   +1.898
+108.500   -0.635   +1.897
+108.600   -0.638   +1.896
+108.700   -0.641   +1.894
+108.800   -0.645   +1.893
+108.900   -0.648   +1.892
+109.000   -0.651   +1.891
+109.100   -0.654   +1.890
+109.200   -0.658   +1.889
+109.300   -0.661   +1.888
+109.400   -0.664   +1.886
+109.500   -0.668   +1.885
+109.600   -0.671   +1.884
+109.700   -0.674   +1.883
+109.800   -0.677   +1.882
+109.900   -0.681   +1.881
+110.000   -0.684   +1.879
+110.100   -0.687   +1.878
+110.200   -0.691   +1.877
+110.300   -0.694   +1.876
+110.400   -0.697   +1.875
+110.500   -0.700   +1.873
+110.600   -0.704   +1.872
+110.700   -0.707   +1.871
+110.800   -0.710   +1.870
+110.900   -0.713   +1.868
+111.000   -0.717   +1.867
+111.100   -0.720   +1.866
+111.200   -0.723   +1.865
+111.300   -0.727   +1.863
+111.400   -0.730   +1.862
+111.500   -0.733   +1.861
+111.600   -0.736   +1.860
+111.700   -0.739   +1.858
+111.800   -0.743   +1.857
+111.900   -0.746   +1.856
+112.000   -0.749   +1.854
+112.100   -0.752   +1.853
+112.200   -0.756   +1.852
+112.300   -0.759   +1.850
+112.400   -0.762   +1.849
+112.500   -0.765   +1.848
+112.600   -0.769   +1.846
+112.700   -0.772   +1.845
+112.800   -0.775   +1.844
+112.900   -0.778   +1.842
+113.000   -0.781   +1.841
+113.100   -0.785   +1.840
+113.200   -0.788   +1.838
+113.300   -0.791   +1.837
+113.400   -0.794   +1.836
+113.500   -0.797   +1.834
+113.600   -0.801   +1.833
+113.700   -0.804   +1.831
+113.800   -0.807   +1.830
+113.900   -0.810   +1.829
+114.000   -0.813   +1.827
+114.100   -0.817   +1.826
+114.200   -0.820   +1.824
+114.300   -0.823   +1.823
+114.400   -0.826   +1.821
+114.500   -0.829   +1.820
+114.600   -0.833   +1.818
+114.700   -0.836   +1.817
+114.800   -0.839   +1.816
+114.900   -0.842   +1.814
+115.000   -0.845   +1.813
+115.100   -0.848   +1.811
+115.200   -0.852   +1.810
+115.300   -0.855   +1.808
+115.400   -0.858   +1.807
+115.500   -0.861   +1.805
+115.600   -0.864   +1.804
+115.700   -0.867   +1.802
+115.800   -0.870   +1.801
+115.900   -0.874   +1.799
+116.000   -0.877   +1.798
+116.100   -0.880   +1.796
+116.200   -0.883   +1.795
+116.300   -0.886   +1.793
+116.400   -0.889   +1.791
+116.500   -0.892   +1.790
+116.600   -0.896   +1.788
+116.700   -0.899   +1.787
+116.800   -0.902   +1.785
+116.900   -0.905   +1.784
+117.000   -0.908   +1.782
+117.100   -0.911   +1.780
+117.200   -0.914   +1.779
+117.300   -0.917   +1.777
+117.400   -0.920   +1.776
+117.500   -0.923   +1.774
+117.600   -0.927   +1.772
+117.700   -0.930   +1.771
+117.800   -0.933   +1.769
+117.900   -0.936   +1.768
+118.000   -0.939   +1.766
+118.100   -0.942   +1.764
+118.200   -0.945   +1.763
+118.300   -0.948   +1.761
+118.400   -0.951   +1.759
+118.500   -0.954   +1.758
+118.600   -0.957   +1.756
+118.700   -0.960   +1.754
+118.800   -0.964   +1.753
+118.900   -0.967   +1.751
+119.000   -0.970   +1.749
+119.100   -0.973   +1.748
+119.200   -0.976   +1.746
+119.300   -0.979   +1.744
+119.400   -0.982   +1.742
+119.500   -0.985   +1.741
+119.600   -0.988   +1.739
+119.700   -0.991   +1.737
+119.800   -0.994   +1.736
+119.900   -0.997   +1.734
+120.000   -1.000   +1.732
+120.100   -1.003   +1.730
+120.200   -1.006   +1.729
+120.300   -1.009   +1.727
+120.400   -1.012   +1.725
+120.500   -1.015   +1.723
+120.600   -1.018   +1.721
+120.700   -1.021   +1.720
+120.800   -1.024   +1.718
+120.900   -1.027   +1.716
+121.000   -1.030   +1.714
+121.100   -1.033   +1.713
+121.200   -1.036   +1.711
+121.300   -1.039   +1.709
+121.400   -1.042   +1.707
+121.500   -1.045   +1.705
+121.600   -1.048   +1.703
+121.700   -1.051   +1.702
+121.800   -1.054   +1.700
+121.900   -1.057   +1.698
+122.000   -1.060   +1.696
+122.100   -1.063   +1.694
+122.200   -1.066   +1.692
+122.300   -1.069   +1.691
+122.400   -1.072   +1.689
+122.500   -1.075   +1.687
+122.600   -1.078   +1.685
+122.700   -1.080   +1.683
+122.800   -1.083   +1.681
+122.900   -1.086   +1.679
+123.000   -1.089   +1.677
+123.100   -1.092   +1.675
+123.200   -1.095   +1.674
+123.300   -1.098   +1.672
+123.400   -1.101   +1.670
+123.500   -1.104   +1.668
+123.600   -1.107   +1.666
+123.700   -1.110   +1.664
+123.800   -1.113   +1.662
+123.900   -1.115   +1.660
+124.000   -1.118   +1.658
+124.100   -1.121   +1.656
+124.200   -1.124   +1.654
+124.300   -1.127   +1.652
+124.400   -1.130   +1.650
+124.500   -1.133   +1.648
+124.600   -1.136   +1.646
+124.700   -1.139   +1.644
+124.800   -1.141   +1.642
+124.900   -1.144   +1.640
+125.000   -1.147   +1.638
+125.100   -1.150   +1.636
+125.200   -1.153   +1.634
+125.300   -1.156   +1.632
+125.400   -1.159   +1.630
+125.500   -1.161   +1.628
+125.600   -1.164   +1.626
+125.700   -1.167   +1.624
+125.800   -1.170   +1.622
+125.900   -1.173   +1.620
+126.000   -1.176   +1.618
+126.100   -1.178   +1.616
+126.200   -1.181   +1.614
+126.300   -1.184   +1.612
+126.400   -1.187   +1.610
+126.500   -1.190   +1.608
+126.600   -1.192   +1.606
+126.700   -1.195   +1.604
+126.800   -1.198   +1.601
+126.900   -1.201   +1.599
+127.000   -1.204   +1.597
+127.100   -1.206   +1.595
+127.200   -1.209   +1.593
+127.300   -1.212   +1.591
+127.400   -1.215   +1.589
+127.500   -1.218   +1.587
+127.600   -1.220   +1.585
+127.700   -1.223   +1.582
+127.800   -1.226   +1.580
+127.900   -1.229   +1.578
+128.000   -1.231   +1.576
+128.100   -1.234   +1.574
+128.200   -1.237   +1.572
+128.300   -1.240   +1.570
+128.400   -1.242   +1.567
+128.500   -1.245   +1.565
+128.600   -1.248   +1.563
+128.700   -1.250   +1.561
+128.800   -1.253   +1.559
+128.900   -1.256   +1.556
+129.000   -1.259   +1.554
+129.100   -1.261   +1.552
+129.200   -1.264   +1.550
+129.300   -1.267   +1.548
+129.400   -1.269   +1.545
+129.500   -1.272   +1.543
+129.600   -1.275   +1.541
+129.700   -1.278   +1.539
+129.800   -1.280   +1.537
+129.900   -1.283   +1.534
+130.000   -1.286   +1.532
+130.100   -1.288   +1.530
+130.200   -1.291   +1.528
+130.300   -1.294   +1.525
+130.400   -1.296   +1.523
+130.500   -1.299   +1.521
+130.600   -1.302   +1.519
+130.700   -1.304   +1.516
+130.800   -1.307   +1.514
+130.900   -1.309   +1.512
+131.000   -1.312   +1.509
+131.100   -1.315   +1.507
+131.200   -1.317   +1.505
+131.300   -1.320   +1.503
+131.400   -1.323   +1.500
+131.500   -1.325   +1.498
+131.600   -1.328   +1.496
+131.700   -1.330   +1.493
+131.800   -1.333   +1.491
+131.900   -1.336   +1.489
+132.000   -1.338   +1.486
+132.100   -1.341   +1.484
+132.200   -1.343   +1.482
+132.300   -1.346   +1.479
+132.400   -1.349   +1.477
+132.500   -1.351   +1.475
+132.600   -1.354   +1.472
+132.700   -1.356   +1.470
+132.800   -1.359   +1.467
+132.900   -1.361   +1.465
+133.000   -1.364   +1.463
+133.100   -1.367   +1.460
+133.200   -1.369   +1.458
+133.300   -1.372   +1.456
+133.400   -1.374   +1.453
+133.500   -1.377   +1.451
+133.600   -1.379   +1.448
+133.700   -1.382   +1.446
+133.800   -1.384   +1.444
+133.900   -1.387   +1.441
+134.000   -1.389   +1.439
+134.100   -1.392   +1.436
+134.200   -1.394   +1.434
+134.300   -1.397   +1.431
+134.400   -1.399   +1.429
+134.500   -1.402   +1.427
+134.600   -1.404   +1.424
+134.700   -1.407   +1.422
+134.800   -1.409   +1.419
+134.900   -1.412   +1.417
+135.000   -1.414   +1.414
+135.100   -1.417   +1.412
+135.200   -1.419   +1.409
+135.300   -1.422   +1.407
+135.400   -1.424   +1.404
+135.500   -1.427   +1.402
+135.600   -1.429   +1.399
+135.700   -1.431   +1.397
+135.800   -1.434   +1.394
+135.900   -1.436   +1.392
+136.000   -1.439   +1.389
+136.100   -1.441   +1.387
+136.200   -1.444   +1.384
+136.300   -1.446   +1.382
+136.400   -1.448   +1.379
+136.500   -1.451   +1.377
+136.600   -1.453   +1.374
+136.700   -1.456   +1.372
+136.800   -1.458   +1.369
+136.900   -1.460   +1.367
+137.000   -1.463   +1.364
+137.100   -1.465   +1.361
+137.200   -1.467   +1.359
+137.300   -1.470   +1.356
+137.400   -1.472   +1.354
+137.500   -1.475   +1.351
+137.600   -1.477   +1.349
+137.700   -1.479   +1.346
+137.800   -1.482   +1.343
+137.900   -1.484   +1.341
+138.000   -1.486   +1.338
+138.100   -1.489   +1.336
+138.200   -1.491   +1.333
+138.300   -1.493   +1.330
+138.400   -1.496   +1.328
+138.500   -1.498   +1.325
+138.600   -1.500   +1.323
+138.700   -1.503   +1.320
+138.800   -1.505   +1.317
+138.900   -1.507   +1.315
+139.000   -1.509   +1.312
+139.100   -1.512   +1.309
+139.200   -1.514   +1.307
+139.300   -1.516   +1.304
+139.400   -1.519   +1.302
+139.500   -1.521   +1.299
+139.600   -1.523   +1.296
+139.700   -1.525   +1.294
+139.800   -1.528   +1.291
+139.900   -1.530   +1.288
+140.000   -1.532   +1.286
+140.100   -1.534   +1.283
+140.200   -1.537   +1.280
+140.300   -1.539   +1.278
+140.400   -1.541   +1.275
+140.500   -1.543   +1.272
+140.600   -1.545   +1.269
+140.700   -1.548   +1.267
+140.800   -1.550   +1.264
+140.900   -1.552   +1.261
+141.000   -1.554   +1.259
+141.100   -1.556   +1.256
+141.200   -1.559   +1.253
+141.300   -1.561   +1.250
+141.400   -1.563   +1.248
+141.500   -1.565   +1.245
+141.600   -1.567   +1.242
+141.700   -1.570   +1.240
+141.800   -1.572   +1.237
+141.900   -1.574   +1.234
+142.000   -1.576   +1.231
+142.100   -1.578   +1.229
+142.200   -1.580   +1.226
+142.300   -1.582   +1.223
+142.400   -1.585   +1.220
+142.500   -1.587   +1.218
+142.600   -1.589   +1.215
+142.700   -1.591   +1.212
+142.800   -1.593   +1.209
+142.900   -1.595   +1.206
+143.000   -1.597   +1.204
+143.100   -1.599   +1.201
+143.200   -1.601   +1.198
+143.300   -1.604   +1.195
+143.400   -1.606   +1.192
+143.500   -1.608   +1.190
+143.600   -1.610   +1.187
+143.700   -1.612   +1.184
+143.800   -1.614   +1.181
+143.900   -1.616   +1.178
+144.000   -1.618   +1.176
+144.100   -1.620   +1.173
+144.200   -1.622   +1.170
+144.300   -1.624   +1.167
+144.400   -1.626   +1.164
+144.500   -1.628   +1.161
+144.600   -1.630   +1.159
+144.700   -1.632   +1.156
+144.800   -1.634   +1.153
+144.900   -1.636   +1.150
+145.000   -1.638   +1.147
+145.100   -1.640   +1.144
+145.200   -1.642   +1.141
+145.300   -1.644   +1.139
+145.400   -1.646   +1.136
+145.500   -1.648   +1.133
+145.600   -1.650   +1.130
+145.700   -1.652   +1.127
+145.800   -1.654   +1.124
+145.900   -1.656   +1.121
+146.000   -1.658   +1.118
+146.100   -1.660   +1.115
+146.200   -1.662   +1.113
+146.300   -1.664   +1.110
+146.400   -1.666   +1.107
+146.500   -1.668   +1.104
+146.600   -1.670   +1.101
+146.700   -1.672   +1.098
+146.800   -1.674   +1.095
+146.900   -1.675   +1.092
+147.000   -1.677   +1.089
+147.100   -1.679   +1.086
+147.200   -1.681   +1.083
+147.300   -1.683   +1.080
+147.400   -1.685   +1.078
+147.500   -1.687   +1.075
+147.600   -1.689   +1.072
+147.700   -1.691   +1.069
+147.800   -1.692   +1.066
+147.900   -1.694   +1.063
+148.000   -1.696   +1.060
+148.100   -1.698   +1.057
+148.200   -1.700   +1.054
+148.300   -1.702   +1.051
+148.400   -1.703   +1.048
+148.500   -1.705   +1.045
+148.600   -1.707   +1.042
+148.700   -1.709   +1.039
+148.800   -1.711   +1.036
+148.900   -1.713   +1.033
+149.000   -1.714   +1.030
+149.100   -1.716   +1.027
+149.200   -1.718   +1.024
+149.300   -1.720   +1.021
+149.400   -1.721   +1.018
+149.500   -1.723   +1.015
+149.600   -1.725   +1.012
+149.700   -1.727   +1.009
+149.800   -1.729   +1.006
+149.900   -1.730   +1.003
+150.000   -1.732   +1.000
+150.100   -1.734   +0.997
+150.200   -1.736   +0.994
+150.300   -1.737   +0.991
+150.400   -1.739   +0.988
+150.500   -1.741   +0.985
+150.600   -1.742   +0.982
+150.700   -1.744   +0.979
+150.800   -1.746   +0.976
+150.900   -1.748   +0.973
+151.000   -1.749   +0.970
+151.100   -1.751   +0.967
+151.200   -1.753   +0.964
+151.300   -1.754   +0.960
+151.400   -1.756   +0.957
+151.500   -1.758   +0.954
+151.600   -1.759   +0.951
+151.700   -1.761   +0.948
+151.800   -1.763   +0.945
+151.900   -1.764   +0.942
+152.000   -1.766   +0.939
+152.100   -1.768   +0.936
+152.200   -1.769   +0.933
+152.300   -1.771   +0.930
+152.400   -1.772   +0.927
+152.500   -1.774   +0.923
+152.600   -1.776   +0.920
+152.700   -1.777   +0.917
+152.800   -1.779   +0.914
+152.900   -1.780   +0.911
+153.000   -1.782   +0.908
+153.100   -1.784   +0.905
+153.200   -1.785   +0.902
+153.300   -1.787   +0.899
+153.400   -1.788   +0.896
+153.500   -1.790   +0.892
+153.600   -1.791   +0.889
+153.700   -1.793   +0.886
+153.800   -1.795   +0.883
+153.900   -1.796   +0.880
+154.000   -1.798   +0.877
+154.100   -1.799   +0.874
+154.200   -1.801   +0.870
+154.300   -1.802   +0.867
+154.400   -1.804   +0.864
+154.500   -1.805   +0.861
+154.600   -1.807   +0.858
+154.700   -1.808   +0.855
+154.800   -1.810   +0.852
+154.900   -1.811   +0.848
+155.000   -1.813   +0.845
+155.100   -1.814   +0.842
+155.200   -1.816   +0.839
+155.300   -1.817   +0.836
+155.400   -1.818   +0.833
+155.500   -1.820   +0.829
+155.600   -1.821   +0.826
+155.700   -1.823   +0.823
+155.800   -1.824   +0.820
+155.900   -1.826   +0.817
+156.000   -1.827   +0.813
+156.100   -1.829   +0.810
+156.200   -1.830   +0.807
+156.300   -1.831   +0.804
+156.400   -1.833   +0.801
+156.500   -1.834   +0.797
+156.600   -1.836   +0.794
+156.700   -1.837   +0.791
+156.800   -1.838   +0.788
+156.900   -1.840   +0.785
+157.000   -1.841   +0.781
+157.100   -1.842   +0.778
+157.200   -1.844   +0.775
+157.300   -1.845   +0.772
+157.400   -1.846   +0.769
+157.500   -1.848   +0.765
+157.600   -1.849   +0.762
+157.700   -1.850   +0.759
+157.800   -1.852   +0.756
+157.900   -1.853   +0.752
+158.000   -1.854   +0.749
+158.100   -1.856   +0.746
+158.200   -1.857   +0.743
+158.300   -1.858   +0.739
+158.400   -1.860   +0.736
+158.500   -1.861   +0.733
+158.600   -1.862   +0.730
+158.700   -1.863   +0.727
+158.800   -1.865   +0.723
+158.900   -1.866   +0.720
+159.000   -1.867   +0.717
+159.100   -1.868   +0.713
+159.200   -1.870   +0.710
+159.300   -1.871   +0.707
+159.400   -1.872   +0.704
+159.500   -1.873   +0.700
+159.600   -1.875   +0.697
+159.700   -1.876   +0.694
+159.800   -1.877   +0.691
+159.900   -1.878   +0.687
+160.000   -1.879   +0.684
+160.100   -1.881   +0.681
+160.200   -1.882   +0.677
+160.300   -1.883   +0.674
+160.400   -1.884   +0.671
+160.500   -1.885   +0.668
+160.600   -1.886   +0.664
+160.700   -1.888   +0.661
+160.800   -1.889   +0.658
+160.900   -1.890   +0.654
+161.000   -1.891   +0.651
+161.100   -1.892   +0.648
+161.200   -1.893   +0.645
+161.300   -1.894   +0.641
+161.400   -1.896   +0.638
+161.500   -1.897   +0.635
+161.600   -1.898   +0.631
+161.700   -1.899   +0.628
+161.800   -1.900   +0.625
+161.900   -1.901   +0.621
+162.000   -1.902   +0.618
+162.100   -1.903   +0.615
+162.200   -1.904   +0.611
+162.300   -1.905   +0.608
+162.400   -1.906   +0.605
+162.500   -1.907   +0.601
+162.600   -1.908   +0.598
+162.700   -1.910   +0.595
+162.800   -1.911   +0.591
+162.900   -1.912   +0.588
+163.000   -1.913   +0.585
+163.100   -1.914   +0.581
+163.200   -1.915   +0.578
+163.300   -1.916   +0.575
+163.400   -1.917   +0.571
+163.500   -1.918   +0.568
+163.600   -1.919   +0.565
+163.700   -1.920   +0.561
+163.800   -1.921   +0.558
+163.900   -1.922   +0.555
+164.000   -1.923   +0.551
+164.100   -1.923   +0.548
+164.200   -1.924   +0.545
+164.300   -1.925   +0.541
+164.400   -1.926   +0.538
+164.500   -1.927   +0.534
+164.600   -1.928   +0.531
+164.700   -1.929   +0.528
+164.800   -1.930   +0.524
+164.900   -1.931   +0.521
+165.000   -1.932   +0.518
+165.100   -1.933   +0.514
+165.200   -1.934   +0.511
+165.300   -1.935   +0.508
+165.400   -1.935   +0.504
+165.500   -1.936   +0.501
+165.600   -1.937   +0.497
+165.700   -1.938   +0.494
+165.800   -1.939   +0.491
+165.900   -1.940   +0.487
+166.000   -1.941   +0.484
+166.100   -1.941   +0.480
+166.200   -1.942   +0.477
+166.300   -1.943   +0.474
+166.400   -1.944   +0.470
+166.500   -1.945   +0.467
+166.600   -1.946   +0.463
+166.700   -1.946   +0.460
+166.800   -1.947   +0.457
+166.900   -1.948   +0.453
+167.000   -1.949   +0.450
+167.100   -1.950   +0.447
+167.200   -1.950   +0.443
+167.300   -1.951   +0.440
+167.400   -1.952   +0.436
+167.500   -1.953   +0.433
+167.600   -1.953   +0.429
+167.700   -1.954   +0.426
+167.800   -1.955   +0.423
+167.900   -1.956   +0.419
+168.000   -1.956   +0.416
+168.100   -1.957   +0.412
+168.200   -1.958   +0.409
+168.300   -1.958   +0.406
+168.400   -1.959   +0.402
+168.500   -1.960   +0.399
+168.600   -1.961   +0.395
+168.700   -1.961   +0.392
+168.800   -1.962   +0.388
+168.900   -1.963   +0.385
+169.000   -1.963   +0.382
+169.100   -1.964   +0.378
+169.200   -1.965   +0.375
+169.300   -1.965   +0.371
+169.400   -1.966   +0.368
+169.500   -1.967   +0.364
+169.600   -1.967   +0.361
+169.700   -1.968   +0.358
+169.800   -1.968   +0.354
+169.900   -1.969   +0.351
+170.000   -1.970   +0.347
+170.100   -1.970   +0.344
+170.200   -1.971   +0.340
+170.300   -1.971   +0.337
+170.400   -1.972   +0.334
+170.500   -1.973   +0.330
+170.600   -1.973   +0.327
+170.700   -1.974   +0.323
+170.800   -1.974   +0.320
+170.900   -1.975   +0.316
+171.000   -1.975   +0.313
+171.100   -1.976   +0.309
+171.200   -1.976   +0.306
+171.300   -1.977   +0.303
+171.400   -1.978   +0.299
+171.500   -1.978   +0.296
+171.600   -1.979   +0.292
+171.700   -1.979   +0.289
+171.800   -1.980   +0.285
+171.900   -1.980   +0.282
+172.000   -1.981   +0.278
+172.100   -1.981   +0.275
+172.200   -1.981   +0.271
+172.300   -1.982   +0.268
+172.400   -1.982   +0.265
+172.500   -1.983   +0.261
+172.600   -1.983   +0.258
+172.700   -1.984   +0.254
+172.800   -1.984   +0.251
+172.900   -1.985   +0.247
+173.000   -1.985   +0.244
+173.100   -1.986   +0.240
+173.200   -1.986   +0.237
+173.300   -1.986   +0.233
+173.400   -1.987   +0.230
+173.500   -1.987   +0.226
+173.600   -1.988   +0.223
+173.700   -1.988   +0.219
+173.800   -1.988   +0.216
+173.900   -1.989   +0.213
+174.000   -1.989   +0.209
+174.100   -1.989   +0.206
+174.200   -1.990   +0.202
+174.300   -1.990   +0.199
+174.400   -1.990   +0.195
+174.500   -1.991   +0.192
+174.600   -1.991   +0.188
+174.700   -1.991   +0.185
+174.800   -1.992   +0.181
+174.900   -1.992   +0.178
+175.000   -1.992   +0.174
+175.100   -1.993   +0.171
+175.200   -1.993   +0.167
+175.300   -1.993   +0.164
+175.400   -1.994   +0.160
+175.500   -1.994   +0.157
+175.600   -1.994   +0.153
+175.700   -1.994   +0.150
+175.800   -1.995   +0.146
+175.900   -1.995   +0.143
+176.000   -1.995   +0.140
+176.100   -1.995   +0.136
+176.200   -1.996   +0.133
+176.300   -1.996   +0.129
+176.400   -1.996   +0.126
+176.500   -1.996   +0.122
+176.600   -1.996   +0.119
+176.700   -1.997   +0.115
+176.800   -1.997   +0.112
+176.900   -1.997   +0.108
+177.000   -1.997   +0.105
+177.100   -1.997   +0.101
+177.200   -1.998   +0.098
+177.300   -1.998   +0.094
+177.400   -1.998   +0.091
+177.500   -1.998   +0.087
+177.600   -1.998   +0.084
+177.700   -1.998   +0.080
+177.800   -1.999   +0.077
+177.900   -1.999   +0.073
+178.000   -1.999   +0.070
+178.100   -1.999   +0.066
+178.200   -1.999   +0.063
+178.300   -1.999   +0.059
+178.400   -1.999   +0.056
+178.500   -1.999   +0.052
+178.600   -1.999   +0.049
+178.700   -1.999   +0.045
+178.800   -2.000   +0.042
+178.900   -2.000   +0.038
+179.000   -2.000   +0.035
+179.100   -2.000   +0.031
+179.200   -2.000   +0.028
+179.300   -2.000   +0.024
+179.400   -2.000   +0.021
+179.500   -2.000   +0.017
+179.600   -2.000   +0.014
+179.700   -2.000   +0.010
+179.800   -2.000   +0.007
+179.900   -2.000   +0.003
+180.000   -2.000   +0.000
+180.100   -2.000   -0.003
+180.200   -2.000   -0.007
+180.300   -2.000   -0.010
+180.400   -2.000   -0.014
+180.500   -2.000   -0.017
+180.600   -2.000   -0.021
+180.700   -2.000   -0.024
+180.800   -2.000   -0.028
+180.900   -2.000   -0.031
+181.000   -2.000   -0.035
+181.100   -2.000   -0.038
+181.200   -2.000   -0.042
+181.300   -1.999   -0.045
+181.400   -1.999   -0.049
+181.500   -1.999   -0.052
+181.600   -1.999   -0.056
+181.700   -1.999   -0.059
+181.800   -1.999   -0.063
+181.900   -1.999   -0.066
+182.000   -1.999   -0.070
+182.100   -1.999   -0.073
+182.200   -1.999   -0.077
+182.300   -1.998   -0.080
+182.400   -1.998   -0.084
+182.500   -1.998   -0.087
+182.600   -1.998   -0.091
+182.700   -1.998   -0.094
+182.800   -1.998   -0.098
+182.900   -1.997   -0.101
+183.000   -1.997   -0.105
+183.100   -1.997   -0.108
+183.200   -1.997   -0.112
+183.300   -1.997   -0.115
+183.400   -1.996   -0.119
+183.500   -1.996   -0.122
+183.600   -1.996   -0.126
+183.700   -1.996   -0.129
+183.800   -1.996   -0.133
+183.900   -1.995   -0.136
+184.000   -1.995   -0.140
+184.100   -1.995   -0.143
+184.200   -1.995   -0.146
+184.300   -1.994   -0.150
+184.400   -1.994   -0.153
+184.500   -1.994   -0.157
+184.600   -1.994   -0.160
+184.700   -1.993   -0.164
+184.800   -1.993   -0.167
+184.900   -1.993   -0.171
+185.000   -1.992   -0.174
+185.100   -1.992   -0.178
+185.200   -1.992   -0.181
+185.300   -1.991   -0.185
+185.400   -1.991   -0.188
+185.500   -1.991   -0.192
+185.600   -1.990   -0.195
+185.700   -1.990   -0.199
+185.800   -1.990   -0.202
+185.900   -1.989   -0.206
+186.000   -1.989   -0.209
+186.100   -1.989   -0.213
+186.200   -1.988   -0.216
+186.300   -1.988   -0.219
+186.400   -1.988   -0.223
+186.500   -1.987   -0.226
+186.600   -1.987   -0.230
+186.700   -1.986   -0.233
+186.800   -1.986   -0.237
+186.900   -1.986   -0.240
+187.000   -1.985   -0.244
+187.100   -1.985   -0.247
+187.200   -1.984   -0.251
+187.300   -1.984   -0.254
+187.400   -1.983   -0.258
+187.500   -1.983   -0.261
+187.600   -1.982   -0.265
+187.700   -1.982   -0.268
+187.800   -1.981   -0.271
+187.900   -1.981   -0.275
+188.000   -1.981   -0.278
+188.100   -1.980   -0.282
+188.200   -1.980   -0.285
+188.300   -1.979   -0.289
+188.400   -1.979   -0.292
+188.500   -1.978   -0.296
+188.600   -1.978   -0.299
+188.700   -1.977   -0.303
+188.800   -1.976   -0.306
+188.900   -1.976   -0.309
+189.000   -1.975   -0.313
+189.100   -1.975   -0.316
+189.200   -1.974   -0.320
+189.300   -1.974   -0.323
+189.400   -1.973   -0.327
+189.500   -1.973   -0.330
+189.600   -1.972   -0.334
+189.700   -1.971   -0.337
+189.800   -1.971   -0.340
+189.900   -1.970   -0.344
+190.000   -1.970   -0.347
+190.100   -1.969   -0.351
+190.200   -1.968   -0.354
+190.300   -1.968   -0.358
+190.400   -1.967   -0.361
+190.500   -1.967   -0.364
+190.600   -1.966   -0.368
+190.700   -1.965   -0.371
+190.800   -1.965   -0.375
+190.900   -1.964   -0.378
+191.000   -1.963   -0.382
+191.100   -1.963   -0.385
+191.200   -1.962   -0.388
+191.300   -1.961   -0.392
+191.400   -1.961   -0.395
+191.500   -1.960   -0.399
+191.600   -1.959   -0.402
+191.700   -1.958   -0.406
+191.800   -1.958   -0.409
+191.900   -1.957   -0.412
+192.000   -1.956   -0.416
+192.100   -1.956   -0.419
+192.200   -1.955   -0.423
+192.300   -1.954   -0.426
+192.400   -1.953   -0.429
+192.500   -1.953   -0.433
+192.600   -1.952   -0.436
+192.700   -1.951   -0.440
+192.800   -1.950   -0.443
+192.900   -1.950   -0.447
+193.000   -1.949   -0.450
+193.100   -1.948   -0.453
+193.200   -1.947   -0.457
+193.300   -1.946   -0.460
+193.400   -1.946   -0.463
+193.500   -1.945   -0.467
+193.600   -1.944   -0.470
+193.700   -1.943   -0.474
+193.800   -1.942   -0.477
+193.900   -1.941   -0.480
+194.000   -1.941   -0.484
+194.100   -1.940   -0.487
+194.200   -1.939   -0.491
+194.300   -1.938   -0.494
+194.400   -1.937   -0.497
+194.500   -1.936   -0.501
+194.600   -1.935   -0.504
+194.700   -1.935   -0.508
+194.800   -1.934   -0.511
+194.900   -1.933   -0.514
+195.000   -1.932   -0.518
+195.100   -1.931   -0.521
+195.200   -1.930   -0.524
+195.300   -1.929   -0.528
+195.400   -1.928   -0.531
+195.500   -1.927   -0.534
+195.600   -1.926   -0.538
+195.700   -1.925   -0.541
+195.800   -1.924   -0.545
+195.900   -1.923   -0.548
+196.000   -1.923   -0.551
+196.100   -1.922   -0.555
+196.200   -1.921   -0.558
+196.300   -1.920   -0.561
+196.400   -1.919   -0.565
+196.500   -1.918   -0.568
+196.600   -1.917   -0.571
+196.700   -1.916   -0.575
+196.800   -1.915   -0.578
+196.900   -1.914   -0.581
+197.000   -1.913   -0.585
+197.100   -1.912   -0.588
+197.200   -1.911   -0.591
+197.300   -1.910   -0.595
+197.400   -1.908   -0.598
+197.500   -1.907   -0.601
+197.600   -1.906   -0.605
+197.700   -1.905   -0.608
+197.800   -1.904   -0.611
+197.900   -1.903   -0.615
+198.000   -1.902   -0.618
+198.100   -1.901   -0.621
+198.200   -1.900   -0.625
+198.300   -1.899   -0.628
+198.400   -1.898   -0.631
+198.500   -1.897   -0.635
+198.600   -1.896   -0.638
+198.700   -1.894   -0.641
+198.800   -1.893   -0.645
+198.900   -1.892   -0.648
+199.000   -1.891   -0.651
+199.100   -1.890   -0.654
+199.200   -1.889   -0.658
+199.300   -1.888   -0.661
+199.400   -1.886   -0.664
+199.500   -1.885   -0.668
+199.600   -1.884   -0.671
+199.700   -1.883   -0.674
+199.800   -1.882   -0.677
+199.900   -1.881   -0.681
+200.000   -1.879   -0.684
+200.100   -1.878   -0.687
+200.200   -1.877   -0.691
+200.300   -1.876   -0.694
+200.400   -1.875   -0.697
+200.500   -1.873   -0.700
+200.600   -1.872   -0.704
+200.700   -1.871   -0.707
+200.800   -1.870   -0.710
+200.900   -1.868   -0.713
+201.000   -1.867   -0.717
+201.100   -1.866   -0.720
+201.200   -1.865   -0.723
+201.300   -1.863   -0.727
+201.400   -1.862   -0.730
+201.500   -1.861   -0.733
+201.600   -1.860   -0.736
+201.700   -1.858   -0.739
+201.800   -1.857   -0.743
+201.900   -1.856   -0.746
+202.000   -1.854   -0.749
+202.100   -1.853   -0.752
+202.200   -1.852   -0.756
+202.300   -1.850   -0.759
+202.400   -1.849   -0.762
+202.500   -1.848   -0.765
+202.600   -1.846   -0.769
+202.700   -1.845   -0.772
+202.800   -1.844   -0.775
+202.900   -1.842   -0.778
+203.000   -1.841   -0.781
+203.100   -1.840   -0.785
+203.200   -1.838   -0.788
+203.300   -1.837   -0.791
+203.400   -1.836   -0.794
+203.500   -1.834   -0.797
+203.600   -1.833   -0.801
+203.700   -1.831   -0.804
+203.800   -1.830   -0.807
+203.900   -1.829   -0.810
+204.000   -1.827   -0.813
+204.100   -1.826   -0.817
+204.200   -1.824   -0.820
+204.300   -1.823   -0.823
+204.400   -1.821   -0.826
+204.500   -1.820   -0.829
+204.600   -1.818   -0.833
+204.700   -1.817   -0.836
+204.800   -1.816   -0.839
+204.900   -1.814   -0.842
+205.000   -1.813   -0.845
+205.100   -1.811   -0.848
+205.200   -1.810   -0.852
+205.300   -1.808   -0.855
+205.400   -1.807   -0.858
+205.500   -1.805   -0.861
+205.600   -1.804   -0.864
+205.700   -1.802   -0.867
+205.800   -1.801   -0.870
+205.900   -1.799   -0.874
+206.000   -1.798   -0.877
+206.100   -1.796   -0.880
+206.200   -1.795   -0.883
+206.300   -1.793   -0.886
+206.400   -1.791   -0.889
+206.500   -1.790   -0.892
+206.600   -1.788   -0.896
+206.700   -1.787   -0.899
+206.800   -1.785   -0.902
+206.900   -1.784   -0.905
+207.000   -1.782   -0.908
+207.100   -1.780   -0.911
+207.200   -1.779   -0.914
+207.300   -1.777   -0.917
+207.400   -1.776   -0.920
+207.500   -1.774   -0.923
+207.600   -1.772   -0.927
+207.700   -1.771   -0.930
+207.800   -1.769   -0.933
+207.900   -1.768   -0.936
+208.000   -1.766   -0.939
+208.100   -1.764   -0.942
+208.200   -1.763   -0.945
+208.300   -1.761   -0.948
+208.400   -1.759   -0.951
+208.500   -1.758   -0.954
+208.600   -1.756   -0.957
+208.700   -1.754   -0.960
+208.800   -1.753   -0.964
+208.900   -1.751   -0.967
+209.000   -1.749   -0.970
+209.100   -1.748   -0.973
+209.200   -1.746   -0.976
+209.300   -1.744   -0.979
+209.400   -1.742   -0.982
+209.500   -1.741   -0.985
+209.600   -1.739   -0.988
+209.700   -1.737   -0.991
+209.800   -1.736   -0.994
+209.900   -1.734   -0.997
+210.000   -1.732   -1.000
+210.100   -1.730   -1.003
+210.200   -1.729   -1.006
+210.300   -1.727   -1.009
+210.400   -1.725   -1.012
+210.500   -1.723   -1.015
+210.600   -1.721   -1.018
+210.700   -1.720   -1.021
+210.800   -1.718   -1.024
+210.900   -1.716   -1.027
+211.000   -1.714   -1.030
+211.100   -1.713   -1.033
+211.200   -1.711   -1.036
+211.300   -1.709   -1.039
+211.400   -1.707   -1.042
+211.500   -1.705   -1.045
+211.600   -1.703   -1.048
+211.700   -1.702   -1.051
+211.800   -1.700   -1.054
+211.900   -1.698   -1.057
+212.000   -1.696   -1.060
+212.100   -1.694   -1.063
+212.200   -1.692   -1.066
+212.300   -1.691   -1.069
+212.400   -1.689   -1.072
+212.500   -1.687   -1.075
+212.600   -1.685   -1.078
+212.700   -1.683   -1.080
+212.800   -1.681   -1.083
+212.900   -1.679   -1.086
+213.000   -1.677   -1.089
+213.100   -1.675   -1.092
+213.200   -1.674   -1.095
+213.300   -1.672   -1.098
+213.400   -1.670   -1.101
+213.500   -1.668   -1.104
+213.600   -1.666   -1.107
+213.700   -1.664   -1.110
+213.800   -1.662   -1.113
+213.900   -1.660   -1.115
+214.000   -1.658   -1.118
+214.100   -1.656   -1.121
+214.200   -1.654   -1.124
+214.300   -1.652   -1.127
+214.400   -1.650   -1.130
+214.500   -1.648   -1.133
+214.600   -1.646   -1.136
+214.700   -1.644   -1.139
+214.800   -1.642   -1.141
+214.900   -1.640   -1.144
+215.000   -1.638   -1.147
+215.100   -1.636   -1.150
+215.200   -1.634   -1.153
+215.300   -1.632   -1.156
+215.400   -1.630   -1.159
+215.500   -1.628   -1.161
+215.600   -1.626   -1.164
+215.700   -1.624   -1.167
+215.800   -1.622   -1.170
+215.900   -1.620   -1.173
+216.000   -1.618   -1.176
+216.100   -1.616   -1.178
+216.200   -1.614   -1.181
+216.300   -1.612   -1.184
+216.400   -1.610   -1.187
+216.500   -1.608   -1.190
+216.600   -1.606   -1.192
+216.700   -1.604   -1.195
+216.800   -1.601   -1.198
+216.900   -1.599   -1.201
+217.000   -1.597   -1.204
+217.100   -1.595   -1.206
+217.200   -1.593   -1.209
+217.300   -1.591   -1.212
+217.400   -1.589   -1.215
+217.500   -1.587   -1.218
+217.600   -1.585   -1.220
+217.700   -1.582   -1.223
+217.800   -1.580   -1.226
+217.900   -1.578   -1.229
+218.000   -1.576   -1.231
+218.100   -1.574   -1.234
+218.200   -1.572   -1.237
+218.300   -1.570   -1.240
+218.400   -1.567   -1.242
+218.500   -1.565   -1.245
+218.600   -1.563   -1.248
+218.700   -1.561   -1.250
+218.800   -1.559   -1.253
+218.900   -1.556   -1.256
+219.000   -1.554   -1.259
+219.100   -1.552   -1.261
+219.200   -1.550   -1.264
+219.300   -1.548   -1.267
+219.400   -1.545   -1.269
+219.500   -1.543   -1.272
+219.600   -1.541   -1.275
+219.700   -1.539   -1.278
+219.800   -1.537   -1.280
+219.900   -1.534   -1.283
+220.000   -1.532   -1.286
+220.100   -1.530   -1.288
+220.200   -1.528   -1.291
+220.300   -1.525   -1.294
+220.400   -1.523   -1.296
+220.500   -1.521   -1.299
+220.600   -1.519   -1.302
+220.700   -1.516   -1.304
+220.800   -1.514   -1.307
+220.900   -1.512   -1.309
+221.000   -1.509   -1.312
+221.100   -1.507   -1.315
+221.200   -1.505   -1.317
+221.300   -1.503   -1.320
+221.400   -1.500   -1.323
+221.500   -1.498   -1.325
+221.600   -1.496   -1.328
+221.700   -1.493   -1.330
+221.800   -1.491   -1.333
+221.900   -1.489   -1.336
+222.000   -1.486   -1.338
+222.100   -1.484   -1.341
+222.200   -1.482   -1.343
+222.300   -1.479   -1.346
+222.400   -1.477   -1.349
+222.500   -1.475   -1.351
+222.600   -1.472   -1.354
+222.700   -1.470   -1.356
+222.800   -1.467   -1.359
+222.900   -1.465   -1.361
+223.000   -1.463   -1.364
+223.100   -1.460   -1.367
+223.200   -1.458   -1.369
+223.300   -1.456   -1.372
+223.400   -1.453   -1.374
+223.500   -1.451   -1.377
+223.600   -1.448   -1.379
+223.700   -1.446   -1.382
+223.800   -1.444   -1.384
+223.900   -1.441   -1.387
+224.000   -1.439   -1.389
+224.100   -1.436   -1.392
+224.200   -1.434   -1.394
+224.300   -1.431   -1.397
+224.400   -1.429   -1.399
+224.500   -1.427   -1.402
+224.600   -1.424   -1.404
+224.700   -1.422   -1.407
+224.800   -1.419   -1.409
+224.900   -1.417   -1.412
+225.000   -1.414   -1.414
+225.100   -1.412   -1.417
+225.200   -1.409   -1.419
+225.300   -1.407   -1.422
+225.400   -1.404   -1.424
+225.500   -1.402   -1.427
+225.600   -1.399   -1.429
+225.700   -1.397   -1.431
+225.800   -1.394   -1.434
+225.900   -1.392   -1.436
+226.000   -1.389   -1.439
+226.100   -1.387   -1.441
+226.200   -1.384   -1.444
+226.300   -1.382   -1.446
+226.400   -1.379   -1.448
+226.500   -1.377   -1.451
+226.600   -1.374   -1.453
+226.700   -1.372   -1.456
+226.800   -1.369   -1.458
+226.900   -1.367   -1.460
+227.000   -1.364   -1.463
+227.100   -1.361   -1.465
+227.200   -1.359   -1.467
+227.300   -1.356   -1.470
+227.400   -1.354   -1.472
+227.500   -1.351   -1.475
+227.600   -1.349   -1.477
+227.700   -1.346   -1.479
+227.800   -1.343   -1.482
+227.900   -1.341   -1.484
+228.000   -1.338   -1.486
+228.100   -1.336   -1.489
+228.200   -1.333   -1.491
+228.300   -1.330   -1.493
+228.400   -1.328   -1.496
+228.500   -1.325   -1.498
+228.600   -1.323   -1.500
+228.700   -1.320   -1.503
+228.800   -1.317   -1.505
+228.900   -1.315   -1.507
+229.000   -1.312   -1.509
+229.100   -1.309   -1.512
+229.200   -1.307   -1.514
+229.300   -1.304   -1.516
+229.400   -1.302   -1.519
+229.500   -1.299   -1.521
+229.600   -1.296   -1.523
+229.700   -1.294   -1.525
+229.800   -1.291   -1.528
+229.900   -1.288   -1.530
+230.000   -1.286   -1.532
+230.100   -1.283   -1.534
+230.200   -1.280   -1.537
+230.300   -1.278   -1.539
+230.400   -1.275   -1.541
+230.500   -1.272   -1.543
+230.600   -1.269   -1.545
+230.700   -1.267   -1.548
+230.800   -1.264   -1.550
+230.900   -1.261   -1.552
+231.000   -1.259   -1.554
+231.100   -1.256   -1.556
+231.200   -1.253   -1.559
+231.300   -1.250   -1.561
+231.400   -1.248   -1.563
+231.500   -1.245   -1.565
+231.600   -1.242   -1.567
+231.700   -1.240   -1.570
+231.800   -1.237   -1.572
+231.900   -1.234   -1.574
+232.000   -1.231   -1.576
+232.100   -1.229   -1.578
+232.200   -1.226   -1.580
+232.300   -1.223   -1.582
+232.400   -1.220   -1.585
+232.500   -1.218   -1.587
+232.600   -1.215   -1.589
+232.700   -1.212   -1.591
+232.800   -1.209   -1.593
+232.900   -1.206   -1.595
+233.000   -1.204   -1.597
+233.100   -1.201   -1.599
+233.200   -1.198   -1.601
+233.300   -1.195   -1.604
+233.400   -1.192   -1.606
+233.500   -1.190   -1.608
+233.600   -1.187   -1.610
+233.700   -1.184   -1.612
+233.800   -1.181   -1.614
+233.900   -1.178   -1.616
+234.000   -1.176   -1.618
+234.100   -1.173   -1.620
+234.200   -1.170   -1.622
+234.300   -1.167   -1.624
+234.400   -1.164   -1.626
+234.500   -1.161   -1.628
+234.600   -1.159   -1.630
+234.700   -1.156   -1.632
+234.800   -1.153   -1.634
+234.900   -1.150   -1.636
+235.000   -1.147   -1.638
+235.100   -1.144   -1.640
+235.200   -1.141   -1.642
+235.300   -1.139   -1.644
+235.400   -1.136   -1.646
+235.500   -1.133   -1.648
+235.600   -1.130   -1.650
+235.700   -1.127   -1.652
+235.800   -1.124   -1.654
+235.900   -1.121   -1.656
+236.000   -1.118   -1.658
+236.100   -1.115   -1.660
+236.200   -1.113   -1.662
+236.300   -1.110   -1.664
+236.400   -1.107   -1.666
+236.500   -1.104   -1.668
+236.600   -1.101   -1.670
+236.700   -1.098   -1.672
+236.800   -1.095   -1.674
+236.900   -1.092   -1.675
+237.000   -1.089   -1.677
+237.100   -1.086   -1.679
+237.200   -1.083   -1.681
+237.300   -1.080   -1.683
+237.400   -1.078   -1.685
+237.500   -1.075   -1.687
+237.600   -1.072   -1.689
+237.700   -1.069   -1.691
+237.800   -1.066   -1.692
+237.900   -1.063   -1.694
+238.000   -1.060   -1.696
+238.100   -1.057   -1.698
+238.200   -1.054   -1.700
+238.300   -1.051   -1.702
+238.400   -1.048   -1.703
+238.500   -1.045   -1.705
+238.600   -1.042   -1.707
+238.700   -1.039   -1.709
+238.800   -1.036   -1.711
+238.900   -1.033   -1.713
+239.000   -1.030   -1.714
+239.100   -1.027   -1.716
+239.200   -1.024   -1.718
+239.300   -1.021   -1.720
+239.400   -1.018   -1.721
+239.500   -1.015   -1.723
+239.600   -1.012   -1.725
+239.700   -1.009   -1.727
+239.800   -1.006   -1.729
+239.900   -1.003   -1.730
+240.000   -1.000   -1.732
+240.100   -0.997   -1.734
+240.200   -0.994   -1.736
+240.300   -0.991   -1.737
+240.400   -0.988   -1.739
+240.500   -0.985   -1.741
+240.600   -0.982   -1.742
+240.700   -0.979   -1.744
+240.800   -0.976   -1.746
+240.900   -0.973   -1.748
+241.000   -0.970   -1.749
+241.100   -0.967   -1.751
+241.200   -0.964   -1.753
+241.300   -0.960   -1.754
+241.400   -0.957   -1.756
+241.500   -0.954   -1.758
+241.600   -0.951   -1.759
+241.700   -0.948   -1.761
+241.800   -0.945   -1.763
+241.900   -0.942   -1.764
+242.000   -0.939   -1.766
+242.100   -0.936   -1.768
+242.200   -0.933   -1.769
+242.300   -0.930   -1.771
+242.400   -0.927   -1.772
+242.500   -0.923   -1.774
+242.600   -0.920   -1.776
+242.700   -0.917   -1.777
+242.800   -0.914   -1.779
+242.900   -0.911   -1.780
+243.000   -0.908   -1.782
+243.100   -0.905   -1.784
+243.200   -0.902   -1.785
+243.300   -0.899   -1.787
+243.400   -0.896   -1.788
+243.500   -0.892   -1.790
+243.600   -0.889   -1.791
+243.700   -0.886   -1.793
+243.800   -0.883   -1.795
+243.900   -0.880   -1.796
+244.000   -0.877   -1.798
+244.100   -0.874   -1.799
+244.200   -0.870   -1.801
+244.300   -0.867   -1.802
+244.400   -0.864   -1.804
+244.500   -0.861   -1.805
+244.600   -0.858   -1.807
+244.700   -0.855   -1.808
+244.800   -0.852   -1.810
+244.900   -0.848   -1.811
+245.000   -0.845   -1.813
+245.100   -0.842   -1.814
+245.200   -0.839   -1.816
+245.300   -0.836   -1.817
+245.400   -0.833   -1.818
+245.500   -0.829   -1.820
+245.600   -0.826   -1.821
+245.700   -0.823   -1.823
+245.800   -0.820   -1.824
+245.900   -0.817   -1.826
+246.000   -0.813   -1.827
+246.100   -0.810   -1.829
+246.200   -0.807   -1.830
+246.300   -0.804   -1.831
+246.400   -0.801   -1.833
+246.500   -0.797   -1.834
+246.600   -0.794   -1.836
+246.700   -0.791   -1.837
+246.800   -0.788   -1.838
+246.900   -0.785   -1.840
+247.000   -0.781   -1.841
+247.100   -0.778   -1.842
+247.200   -0.775   -1.844
+247.300   -0.772   -1.845
+247.400   -0.769   -1.846
+247.500   -0.765   -1.848
+247.600   -0.762   -1.849
+247.700   -0.759   -1.850
+247.800   -0.756   -1.852
+247.900   -0.752   -1.853
+248.000   -0.749   -1.854
+248.100   -0.746   -1.856
+248.200   -0.743   -1.857
+248.300   -0.739   -1.858
+248.400   -0.736   -1.860
+248.500   -0.733   -1.861
+248.600   -0.730   -1.862
+248.700   -0.727   -1.863
+248.800   -0.723   -1.865
+248.900   -0.720   -1.866
+249.000   -0.717   -1.867
+249.100   -0.713   -1.868
+249.200   -0.710   -1.870
+249.300   -0.707   -1.871
+249.400   -0.704   -1.872
+249.500   -0.700   -1.873
+249.600   -0.697   -1.875
+249.700   -0.694   -1.876
+249.800   -0.691   -1.877
+249.900   -0.687   -1.878
+250.000   -0.684   -1.879
+250.100   -0.681   -1.881
+250.200   -0.677   -1.882
+250.300   -0.674   -1.883
+250.400   -0.671   -1.884
+250.500   -0.668   -1.885
+250.600   -0.664   -1.886
+250.700   -0.661   -1.888
+250.800   -0.658   -1.889
+250.900   -0.654   -1.890
+251.000   -0.651   -1.891
+251.100   -0.648   -1.892
+251.200   -0.645   -1.893
+251.300   -0.641   -1.894
+251.400   -0.638   -1.896
+251.500   -0.635   -1.897
+251.600   -0.631   -1.898
+251.700   -0.628   -1.899
+251.800   -0.625   -1.900
+251.900   -0.621   -1.901
+252.000   -0.618   -1.902
+252.100   -0.615   -1.903
+252.200   -0.611   -1.904
+252.300   -0.608   -1.905
+252.400   -0.605   -1.906
+252.500   -0.601   -1.907
+252.600   -0.598   -1.908
+252.700   -0.595   -1.910
+252.800   -0.591   -1.911
+252.900   -0.588   -1.912
+253.000   -0.585   -1.913
+253.100   -0.581   -1.914
+253.200   -0.578   -1.915
+253.300   -0.575   -1.916
+253.400   -0.571   -1.917
+253.500   -0.568   -1.918
+253.600   -0.565   -1.919
+253.700   -0.561   -1.920
+253.800   -0.558   -1.921
+253.900   -0.555   -1.922
+254.000   -0.551   -1.923
+254.100   -0.548   -1.923
+254.200   -0.545   -1.924
+254.300   -0.541   -1.925
+254.400   -0.538   -1.926
+254.500   -0.534   -1.927
+254.600   -0.531   -1.928
+254.700   -0.528   -1.929
+254.800   -0.524   -1.930
+254.900   -0.521   -1.931
+255.000   -0.518   -1.932
+255.100   -0.514   -1.933
+255.200   -0.511   -1.934
+255.300   -0.508   -1.935
+255.400   -0.504   -1.935
+255.500   -0.501   -1.936
+255.600   -0.497   -1.937
+255.700   -0.494   -1.938
+255.800   -0.491   -1.939
+255.900   -0.487   -1.940
+256.000   -0.484   -1.941
+256.100   -0.480   -1.941
+256.200   -0.477   -1.942
+256.300   -0.474   -1.943
+256.400   -0.470   -1.944
+256.500   -0.467   -1.945
+256.600   -0.463   -1.946
+256.700   -0.460   -1.946
+256.800   -0.457   -1.947
+256.900   -0.453   -1.948
+257.000   -0.450   -1.949
+257.100   -0.447   -1.950
+257.200   -0.443   -1.950
+257.300   -0.440   -1.951
+257.400   -0.436   -1.952
+257.500   -0.433   -1.953
+257.600   -0.429   -1.953
+257.700   -0.426   -1.954
+257.800   -0.423   -1.955
+257.900   -0.419   -1.956
+258.000   -0.416   -1.956
+258.100   -0.412   -1.957
+258.200   -0.409   -1.958
+258.300   -0.406   -1.958
+258.400   -0.402   -1.959
+258.500   -0.399   -1.960
+258.600   -0.395   -1.961
+258.700   -0.392   -1.961
+258.800   -0.388   -1.962
+258.900   -0.385   -1.963
+259.000   -0.382   -1.963
+259.100   -0.378   -1.964
+259.200   -0.375   -1.965
+259.300   -0.371   -1.965
+259.400   -0.368   -1.966
+259.500   -0.364   -1.967
+259.600   -0.361   -1.967
+259.700   -0.358   -1.968
+259.800   -0.354   -1.968
+259.900   -0.351   -1.969
+260.000   -0.347   -1.970
+260.100   -0.344   -1.970
+260.200   -0.340   -1.971
+260.300   -0.337   -1.971
+260.400   -0.334   -1.972
+260.500   -0.330   -1.973
+260.600   -0.327   -1.973
+260.700   -0.323   -1.974
+260.800   -0.320   -1.974
+260.900   -0.316   -1.975
+261.000   -0.313   -1.975
+261.100   -0.309   -1.976
+261.200   -0.306   -1.976
+261.300   -0.303   -1.977
+261.400   -0.299   -1.978
+261.500   -0.296   -1.978
+261.600   -0.292   -1.979
+261.700   -0.289   -1.979
+261.800   -0.285   -1.980
+261.900   -0.282   -1.980
+262.000   -0.278   -1.981
+262.100   -0.275   -1.981
+262.200   -0.271   -1.981
+262.300   -0.268   -1.982
+262.400   -0.265   -1.982
+262.500   -0.261   -1.983
+262.600   -0.258   -1.983
+262.700   -0.254   -1.984
+262.800   -0.251   -1.984
+262.900   -0.247   -1.985
+263.000   -0.244   -1.985
+263.100   -0.240   -1.986
+263.200   -0.237   -1.986
+263.300   -0.233   -1.986
+263.400   -0.230   -1.987
+263.500   -0.226   -1.987
+263.600   -0.223   -1.988
+263.700   -0.219   -1.988
+263.800   -0.216   -1.988
+263.900   -0.213   -1.989
+264.000   -0.209   -1.989
+264.100   -0.206   -1.989
+264.200   -0.202   -1.990
+264.300   -0.199   -1.990
+264.400   -0.195   -1.990
+264.500   -0.192   -1.991
+264.600   -0.188   -1.991
+264.700   -0.185   -1.991
+264.800   -0.181   -1.992
+264.900   -0.178   -1.992
+265.000   -0.174   -1.992
+265.100   -0.171   -1.993
+265.200   -0.167   -1.993
+265.300   -0.164   -1.993
+265.400   -0.160   -1.994
+265.500   -0.157   -1.994
+265.600   -0.153   -1.994
+265.700   -0.150   -1.994
+265.800   -0.146   -1.995
+265.900   -0.143   -1.995
+266.000   -0.140   -1.995
+266.100   -0.136   -1.995
+266.200   -0.133   -1.996
+266.300   -0.129   -1.996
+266.400   -0.126   -1.996
+266.500   -0.122   -1.996
+266.600   -0.119   -1.996
+266.700   -0.115   -1.997
+266.800   -0.112   -1.997
+266.900   -0.108   -1.997
+267.000   -0.105   -1.997
+267.100   -0.101   -1.997
+267.200   -0.098   -1.998
+267.300   -0.094   -1.998
+267.400   -0.091   -1.998
+267.500   -0.087   -1.998
+267.600   -0.084   -1.998
+267.700   -0.080   -1.998
+267.800   -0.077   -1.999
+267.900   -0.073   -1.999
+268.000   -0.070   -1.999
+268.100   -0.066   -1.999
+268.200   -0.063   -1.999
+268.300   -0.059   -1.999
+268.400   -0.056   -1.999
+268.500   -0.052   -1.999
+268.600   -0.049   -1.999
+268.700   -0.045   -1.999
+268.800   -0.042   -2.000
+268.900   -0.038   -2.000
+269.000   -0.035   -2.000
+269.100   -0.031   -2.000
+269.200   -0.028   -2.000
+269.300   -0.024   -2.000
+269.400   -0.021   -2.000
+269.500   -0.017   -2.000
+269.600   -0.014   -2.000
+269.700   -0.010   -2.000
+269.800   -0.007   -2.000
+269.900   -0.003   -2.000
+270.000   -0.000   -2.000
+270.100   +0.003   -2.000
+270.200   +0.007   -2.000
+270.300   +0.010   -2.000
+270.400   +0.014   -2.000
+270.500   +0.017   -2.000
+270.600   +0.021   -2.000
+270.700   +0.024   -2.000
+270.800   +0.028   -2.000
+270.900   +0.031   -2.000
+271.000   +0.035   -2.000
+271.100   +0.038   -2.000
+271.200   +0.042   -2.000
+271.300   +0.045   -1.999
+271.400   +0.049   -1.999
+271.500   +0.052   -1.999
+271.600   +0.056   -1.999
+271.700   +0.059   -1.999
+271.800   +0.063   -1.999
+271.900   +0.066   -1.999
+272.000   +0.070   -1.999
+272.100   +0.073   -1.999
+272.200   +0.077   -1.999
+272.300   +0.080   -1.998
+272.400   +0.084   -1.998
+272.500   +0.087   -1.998
+272.600   +0.091   -1.998
+272.700   +0.094   -1.998
+272.800   +0.098   -1.998
+272.900   +0.101   -1.997
+273.000   +0.105   -1.997
+273.100   +0.108   -1.997
+273.200   +0.112   -1.997
+273.300   +0.115   -1.997
+273.400   +0.119   -1.996
+273.500   +0.122   -1.996
+273.600   +0.126   -1.996
+273.700   +0.129   -1.996
+273.800   +0.133   -1.996
+273.900   +0.136   -1.995
+274.000   +0.140   -1.995
+274.100   +0.143   -1.995
+274.200   +0.146   -1.995
+274.300   +0.150   -1.994
+274.400   +0.153   -1.994
+274.500   +0.157   -1.994
+274.600   +0.160   -1.994
+274.700   +0.164   -1.993
+274.800   +0.167   -1.993
+274.900   +0.171   -1.993
+275.000   +0.174   -1.992
+275.100   +0.178   -1.992
+275.200   +0.181   -1.992
+275.300   +0.185   -1.991
+275.400   +0.188   -1.991
+275.500   +0.192   -1.991
+275.600   +0.195   -1.990
+275.700   +0.199   -1.990
+275.800   +0.202   -1.990
+275.900   +0.206   -1.989
+276.000   +0.209   -1.989
+276.100   +0.213   -1.989
+276.200   +0.216   -1.988
+276.300   +0.219   -1.988
+276.400   +0.223   -1.988
+276.500   +0.226   -1.987
+276.600   +0.230   -1.987
+276.700   +0.233   -1.986
+276.800   +0.237   -1.986
+276.900   +0.240   -1.986
+277.000   +0.244   -1.985
+277.100   +0.247   -1.985
+277.200   +0.251   -1.984
+277.300   +0.254   -1.984
+277.400   +0.258   -1.983
+277.500   +0.261   -1.983
+277.600   +0.265   -1.982
+277.700   +0.268   -1.982
+277.800   +0.271   -1.981
+277.900   +0.275   -1.981
+278.000   +0.278   -1.981
+278.100   +0.282   -1.980
+278.200   +0.285   -1.980
+278.300   +0.289   -1.979
+278.400   +0.292   -1.979
+278.500   +0.296   -1.978
+278.600   +0.299   -1.978
+278.700   +0.303   -1.977
+278.800   +0.306   -1.976
+278.900   +0.309   -1.976
+279.000   +0.313   -1.975
+279.100   +0.316   -1.975
+279.200   +0.320   -1.974
+279.300   +0.323   -1.974
+279.400   +0.327   -1.973
+279.500   +0.330   -1.973
+279.600   +0.334   -1.972
+279.700   +0.337   -1.971
+279.800   +0.340   -1.971
+279.900   +0.344   -1.970
+280.000   +0.347   -1.970
+280.100   +0.351   -1.969
+280.200   +0.354   -1.968
+280.300   +0.358   -1.968
+280.400   +0.361   -1.967
+280.500   +0.364   -1.967
+280.600   +0.368   -1.966
+280.700   +0.371   -1.965
+280.800   +0.375   -1.965
+280.900   +0.378   -1.964
+281.000   +0.382   -1.963
+281.100   +0.385   -1.963
+281.200   +0.388   -1.962
+281.300   +0.392   -1.961
+281.400   +0.395   -1.961
+281.500   +0.399   -1.960
+281.600   +0.402   -1.959
+281.700   +0.406   -1.958
+281.800   +0.409   -1.958
+281.900   +0.412   -1.957
+282.000   +0.416   -1.956
+282.100   +0.419   -1.956
+282.200   +0.423   -1.955
+282.300   +0.426   -1.954
+282.400   +0.429   -1.953
+282.500   +0.433   -1.953
+282.600   +0.436   -1.952
+282.700   +0.440   -1.951
+282.800   +0.443   -1.950
+282.900   +0.447   -1.950
+283.000   +0.450   -1.949
+283.100   +0.453   -1.948
+283.200   +0.457   -1.947
+283.300   +0.460   -1.946
+283.400   +0.463   -1.946
+283.500   +0.467   -1.945
+283.600   +0.470   -1.944
+283.700   +0.474   -1.943
+283.800   +0.477   -1.942
+283.900   +0.480   -1.941
+284.000   +0.484   -1.941
+284.100   +0.487   -1.940
+284.200   +0.491   -1.939
+284.300   +0.494   -1.938
+284.400   +0.497   -1.937
+284.500   +0.501   -1.936
+284.600   +0.504   -1.935
+284.700   +0.508   -1.935
+284.800   +0.511   -1.934
+284.900   +0.514   -1.933
+285.000   +0.518   -1.932
+285.100   +0.521   -1.931
+285.200   +0.524   -1.930
+285.300   +0.528   -1.929
+285.400   +0.531   -1.928
+285.500   +0.534   -1.927
+285.600   +0.538   -1.926
+285.700   +0.541   -1.925
+285.800   +0.545   -1.924
+285.900   +0.548   -1.923
+286.000   +0.551   -1.923
+286.100   +0.555   -1.922
+286.200   +0.558   -1.921
+286.300   +0.561   -1.920
+286.400   +0.565   -1.919
+286.500   +0.568   -1.918
+286.600   +0.571   -1.917
+286.700   +0.575   -1.916
+286.800   +0.578   -1.915
+286.900   +0.581   -1.914
+287.000   +0.585   -1.913
+287.100   +0.588   -1.912
+287.200   +0.591   -1.911
+287.300   +0.595   -1.910
+287.400   +0.598   -1.908
+287.500   +0.601   -1.907
+287.600   +0.605   -1.906
+287.700   +0.608   -1.905
+287.800   +0.611   -1.904
+287.900   +0.615   -1.903
+288.000   +0.618   -1.902
+288.100   +0.621   -1.901
+288.200   +0.625   -1.900
+288.300   +0.628   -1.899
+288.400   +0.631   -1.898
+288.500   +0.635   -1.897
+288.600   +0.638   -1.896
+288.700   +0.641   -1.894
+288.800   +0.645   -1.893
+288.900   +0.648   -1.892
+289.000   +0.651   -1.891
+289.100   +0.654   -1.890
+289.200   +0.658   -1.889
+289.300   +0.661   -1.888
+289.400   +0.664   -1.886
+289.500   +0.668   -1.885
+289.600   +0.671   -1.884
+289.700   +0.674   -1.883
+289.800   +0.677   -1.882
+289.900   +0.681   -1.881
+290.000   +0.684   -1.879
+290.100   +0.687   -1.878
+290.200   +0.691   -1.877
+290.300   +0.694   -1.876
+290.400   +0.697   -1.875
+290.500   +0.700   -1.873
+290.600   +0.704   -1.872
+290.700   +0.707   -1.871
+290.800   +0.710   -1.870
+290.900   +0.713   -1.868
+291.000   +0.717   -1.867
+291.100   +0.720   -1.866
+291.200   +0.723   -1.865
+291.300   +0.727   -1.863
+291.400   +0.730   -1.862
+291.500   +0.733   -1.861
+291.600   +0.736   -1.860
+291.700   +0.739   -1.858
+291.800   +0.743   -1.857
+291.900   +0.746   -1.856
+292.000   +0.749   -1.854
+292.100   +0.752   -1.853
+292.200   +0.756   -1.852
+292.300   +0.759   -1.850
+292.400   +0.762   -1.849
+292.500   +0.765   -1.848
+292.600   +0.769   -1.846
+292.700   +0.772   -1.845
+292.800   +0.775   -1.844
+292.900   +0.778   -1.842
+293.000   +0.781   -1.841
+293.100   +0.785   -1.840
+293.200   +0.788   -1.838
+293.300   +0.791   -1.837
+293.400   +0.794   -1.836
+293.500   +0.797   -1.834
+293.600   +0.801   -1.833
+293.700   +0.804   -1.831
+293.800   +0.807   -1.830
+293.900   +0.810   -1.829
+294.000   +0.813   -1.827
+294.100   +0.817   -1.826
+294.200   +0.820   -1.824
+294.300   +0.823   -1.823
+294.400   +0.826   -1.821
+294.500   +0.829   -1.820
+294.600   +0.833   -1.818
+294.700   +0.836   -1.817
+294.800   +0.839   -1.816
+294.900   +0.842   -1.814
+295.000   +0.845   -1.813
+295.100   +0.848   -1.811
+295.200   +0.852   -1.810
+295.300   +0.855   -1.808
+295.400   +0.858   -1.807
+295.500   +0.861   -1.805
+295.600   +0.864   -1.804
+295.700   +0.867   -1.802
+295.800   +0.870   -1.801
+295.900   +0.874   -1.799
+296.000   +0.877   -1.798
+296.100   +0.880   -1.796
+296.200   +0.883   -1.795
+296.300   +0.886   -1.793
+296.400   +0.889   -1.791
+296.500   +0.892   -1.790
+296.600   +0.896   -1.788
+296.700   +0.899   -1.787
+296.800   +0.902   -1.785
+296.900   +0.905   -1.784
+297.000   +0.908   -1.782
+297.100   +0.911   -1.780
+297.200   +0.914   -1.779
+297.300   +0.917   -1.777
+297.400   +0.920   -1.776
+297.500   +0.923   -1.774
+297.600   +0.927   -1.772
+297.700   +0.930   -1.771
+297.800   +0.933   -1.769
+297.900   +0.936   -1.768
+298.000   +0.939   -1.766
+298.100   +0.942   -1.764
+298.200   +0.945   -1.763
+298.300   +0.948   -1.761
+298.400   +0.951   -1.759
+298.500   +0.954   -1.758
+298.600   +0.957   -1.756
+298.700   +0.960   -1.754
+298.800   +0.964   -1.753
+298.900   +0.967   -1.751
+299.000   +0.970   -1.749
+299.100   +0.973   -1.748
+299.200   +0.976   -1.746
+299.300   +0.979   -1.744
+299.400   +0.982   -1.742
+299.500   +0.985   -1.741
+299.600   +0.988   -1.739
+299.700   +0.991   -1.737
+299.800   +0.994   -1.736
+299.900   +0.997   -1.734
+300.000   +1.000   -1.732
+300.100   +1.003   -1.730
+300.200   +1.006   -1.729
+300.300   +1.009   -1.727
+300.400   +1.012   -1.725
+300.500   +1.015   -1.723
+300.600   +1.018   -1.721
+300.700   +1.021   -1.720
+300.800   +1.024   -1.718
+300.900   +1.027   -1.716
+301.000   +1.030   -1.714
+301.100   +1.033   -1.713
+301.200   +1.036   -1.711
+301.300   +1.039   -1.709
+301.400   +1.042   -1.707
+301.500   +1.045   -1.705
+301.600   +1.048   -1.703
+301.700   +1.051   -1.702
+301.800   +1.054   -1.700
+301.900   +1.057   -1.698
+302.000   +1.060   -1.696
+302.100   +1.063   -1.694
+302.200   +1.066   -1.692
+302.300   +1.069   -1.691
+302.400   +1.072   -1.689
+302.500   +1.075   -1.687
+302.600   +1.078   -1.685
+302.700   +1.080   -1.683
+302.800   +1.083   -1.681
+302.900   +1.086   -1.679
+303.000   +1.089   -1.677
+303.100   +1.092   -1.675
+303.200   +1.095   -1.674
+303.300   +1.098   -1.672
+303.400   +1.101   -1.670
+303.500   +1.104   -1.668
+303.600   +1.107   -1.666
+303.700   +1.110   -1.664
+303.800   +1.113   -1.662
+303.900   +1.115   -1.660
+304.000   +1.118   -1.658
+304.100   +1.121   -1.656
+304.200   +1.124   -1.654
+304.300   +1.127   -1.652
+304.400   +1.130   -1.650
+304.500   +1.133   -1.648
+304.600   +1.136   -1.646
+304.700   +1.139   -1.644
+304.800   +1.141   -1.642
+304.900   +1.144   -1.640
+305.000   +1.147   -1.638
+305.100   +1.150   -1.636
+305.200   +1.153   -1.634
+305.300   +1.156   -1.632
+305.400   +1.159   -1.630
+305.500   +1.161   -1.628
+305.600   +1.164   -1.626
+305.700   +1.167   -1.624
+305.800   +1.170   -1.622
+305.900   +1.173   -1.620
+306.000   +1.176   -1.618
+306.100   +1.178   -1.616
+306.200   +1.181   -1.614
+306.300   +1.184   -1.612
+306.400   +1.187   -1.610
+306.500   +1.190   -1.608
+306.600   +1.192   -1.606
+306.700   +1.195   -1.604
+306.800   +1.198   -1.601
+306.900   +1.201   -1.599
+307.000   +1.204   -1.597
+307.100   +1.206   -1.595
+307.200   +1.209   -1.593
+307.300   +1.212   -1.591
+307.400   +1.215   -1.589
+307.500   +1.218   -1.587
+307.600   +1.220   -1.585
+307.700   +1.223   -1.582
+307.800   +1.226   -1.580
+307.900   +1.229   -1.578
+308.000   +1.231   -1.576
+308.100   +1.234   -1.574
+308.200   +1.237   -1.572
+308.300   +1.240   -1.570
+308.400   +1.242   -1.567
+308.500   +1.245   -1.565
+308.600   +1.248   -1.563
+308.700   +1.250   -1.561
+308.800   +1.253   -1.559
+308.900   +1.256   -1.556
+309.000   +1.259   -1.554
+309.100   +1.261   -1.552
+309.200   +1.264   -1.550
+309.300   +1.267   -1.548
+309.400   +1.269   -1.545
+309.500   +1.272   -1.543
+309.600   +1.275   -1.541
+309.700   +1.278   -1.539
+309.800   +1.280   -1.537
+309.900   +1.283   -1.534
+310.000   +1.286   -1.532
+310.100   +1.288   -1.530
+310.200   +1.291   -1.528
+310.300   +1.294   -1.525
+310.400   +1.296   -1.523
+310.500   +1.299   -1.521
+310.600   +1.302   -1.519
+310.700   +1.304   -1.516
+310.800   +1.307   -1.514
+310.900   +1.309   -1.512
+311.000   +1.312   -1.509
+311.100   +1.315   -1.507
+311.200   +1.317   -1.505
+311.300   +1.320   -1.503
+311.400   +1.323   -1.500
+311.500   +1.325   -1.498
+311.600   +1.328   -1.496
+311.700   +1.330   -1.493
+311.800   +1.333   -1.491
+311.900   +1.336   -1.489
+312.000   +1.338   -1.486
+312.100   +1.341   -1.484
+312.200   +1.343   -1.482
+312.300   +1.346   -1.479
+312.400   +1.349   -1.477
+312.500   +1.351   -1.475
+312.600   +1.354   -1.472
+312.700   +1.356   -1.470
+312.800   +1.359   -1.467
+312.900   +1.361   -1.465
+313.000   +1.364   -1.463
+313.100   +1.367   -1.460
+313.200   +1.369   -1.458
+313.300   +1.372   -1.456
+313.400   +1.374   -1.453
+313.500   +1.377   -1.451
+313.600   +1.379   -1.448
+313.700   +1.382   -1.446
+313.800   +1.384   -1.444
+313.900   +1.387   -1.441
+314.000   +1.389   -1.439
+314.100   +1.392   -1.436
+314.200   +1.394   -1.434
+314.300   +1.397   -1.431
+314.400   +1.399   -1.429
+314.500   +1.402   -1.427
+314.600   +1.404   -1.424
+314.700   +1.407   -1.422
+314.800   +1.409   -1.419
+314.900   +1.412   -1.417
+315.000   +1.414   -1.414
+315.100   +1.417   -1.412
+315.200   +1.419   -1.409
+315.300   +1.422   -1.407
+315.400   +1.424   -1.404
+315.500   +1.427   -1.402
+315.600   +1.429   -1.399
+315.700   +1.431   -1.397
+315.800   +1.434   -1.394
+315.900   +1.436   -1.392
+316.000   +1.439   -1.389
+316.100   +1.441   -1.387
+316.200   +1.444   -1.384
+316.300   +1.446   -1.382
+316.400   +1.448   -1.379
+316.500   +1.451   -1.377
+316.600   +1.453   -1.374
+316.700   +1.456   -1.372
+316.800   +1.458   -1.369
+316.900   +1.460   -1.367
+317.000   +1.463   -1.364
+317.100   +1.465   -1.361
+317.200   +1.467   -1.359
+317.300   +1.470   -1.356
+317.400   +1.472   -1.354
+317.500   +1.475   -1.351
+317.600   +1.477   -1.349
+317.700   +1.479   -1.346
+317.800   +1.482   -1.343
+317.900   +1.484   -1.341
+318.000   +1.486   -1.338
+318.100   +1.489   -1.336
+318.200   +1.491   -1.333
+318.300   +1.493   -1.330
+318.400   +1.496   -1.328
+318.500   +1.498   -1.325
+318.600   +1.500   -1.323
+318.700   +1.503   -1.320
+318.800   +1.505   -1.317
+318.900   +1.507   -1.315
+319.000   +1.509   -1.312
+319.100   +1.512   -1.309
+319.200   +1.514   -1.307
+319.300   +1.516   -1.304
+319.400   +1.519   -1.302
+319.500   +1.521   -1.299
+319.600   +1.523   -1.296
+319.700   +1.525   -1.294
+319.800   +1.528   -1.291
+319.900   +1.530   -1.288
+320.000   +1.532   -1.286
+320.100   +1.534   -1.283
+320.200   +1.537   -1.280
+320.300   +1.539   -1.278
+320.400   +1.541   -1.275
+320.500   +1.543   -1.272
+320.600   +1.545   -1.269
+320.700   +1.548   -1.267
+320.800   +1.550   -1.264
+320.900   +1.552   -1.261
+321.000   +1.554   -1.259
+321.100   +1.556   -1.256
+321.200   +1.559   -1.253
+321.300   +1.561   -1.250
+321.400   +1.563   -1.248
+321.500   +1.565   -1.245
+321.600   +1.567   -1.242
+321.700   +1.570   -1.240
+321.800   +1.572   -1.237
+321.900   +1.574   -1.234
+322.000   +1.576   -1.231
+322.100   +1.578   -1.229
+322.200   +1.580   -1.226
+322.300   +1.582   -1.223
+322.400   +1.585   -1.220
+322.500   +1.587   -1.218
+322.600   +1.589   -1.215
+322.700   +1.591   -1.212
+322.800   +1.593   -1.209
+322.900   +1.595   -1.206
+323.000   +1.597   -1.204
+323.100   +1.599   -1.201
+323.200   +1.601   -1.198
+323.300   +1.604   -1.195
+323.400   +1.606   -1.192
+323.500   +1.608   -1.190
+323.600   +1.610   -1.187
+323.700   +1.612   -1.184
+323.800   +1.614   -1.181
+323.900   +1.616   -1.178
+324.000   +1.618   -1.176
+324.100   +1.620   -1.173
+324.200   +1.622   -1.170
+324.300   +1.624   -1.167
+324.400   +1.626   -1.164
+324.500   +1.628   -1.161
+324.600   +1.630   -1.159
+324.700   +1.632   -1.156
+324.800   +1.634   -1.153
+324.900   +1.636   -1.150
+325.000   +1.638   -1.147
+325.100   +1.640   -1.144
+325.200   +1.642   -1.141
+325.300   +1.644   -1.139
+325.400   +1.646   -1.136
+325.500   +1.648   -1.133
+325.600   +1.650   -1.130
+325.700   +1.652   -1.127
+325.800   +1.654   -1.124
+325.900   +1.656   -1.121
+326.000   +1.658   -1.118
+326.100   +1.660   -1.115
+326.200   +1.662   -1.113
+326.300   +1.664   -1.110
+326.400   +1.666   -1.107
+326.500   +1.668   -1.104
+326.600   +1.670   -1.101
+326.700   +1.672   -1.098
+326.800   +1.674   -1.095
+326.900   +1.675   -1.092
+327.000   +1.677   -1.089
+327.100   +1.679   -1.086
+327.200   +1.681   -1.083
+327.300   +1.683   -1.080
+327.400   +1.685   -1.078
+327.500   +1.687   -1.075
+327.600   +1.689   -1.072
+327.700   +1.691   -1.069
+327.800   +1.692   -1.066
+327.900   +1.694   -1.063
+328.000   +1.696   -1.060
+328.100   +1.698   -1.057
+328.200   +1.700   -1.054
+328.300   +1.702   -1.051
+328.400   +1.703   -1.048
+328.500   +1.705   -1.045
+328.600   +1.707   -1.042
+328.700   +1.709   -1.039
+328.800   +1.711   -1.036
+328.900   +1.713   -1.033
+329.000   +1.714   -1.030
+329.100   +1.716   -1.027
+329.200   +1.718   -1.024
+329.300   +1.720   -1.021
+329.400   +1.721   -1.018
+329.500   +1.723   -1.015
+329.600   +1.725   -1.012
+329.700   +1.727   -1.009
+329.800   +1.729   -1.006
+329.900   +1.730   -1.003
+330.000   +1.732   -1.000
+330.100   +1.734   -0.997
+330.200   +1.736   -0.994
+330.300   +1.737   -0.991
+330.400   +1.739   -0.988
+330.500   +1.741   -0.985
+330.600   +1.742   -0.982
+330.700   +1.744   -0.979
+330.800   +1.746   -0.976
+330.900   +1.748   -0.973
+331.000   +1.749   -0.970
+331.100   +1.751   -0.967
+331.200   +1.753   -0.964
+331.300   +1.754   -0.960
+331.400   +1.756   -0.957
+331.500   +1.758   -0.954
+331.600   +1.759   -0.951
+331.700   +1.761   -0.948
+331.800   +1.763   -0.945
+331.900   +1.764   -0.942
+332.000   +1.766   -0.939
+332.100   +1.768   -0.936
+332.200   +1.769   -0.933
+332.300   +1.771   -0.930
+332.400   +1.772   -0.927
+332.500   +1.774   -0.923
+332.600   +1.776   -0.920
+332.700   +1.777   -0.917
+332.800   +1.779   -0.914
+332.900   +1.780   -0.911
+333.000   +1.782   -0.908
+333.100   +1.784   -0.905
+333.200   +1.785   -0.902
+333.300   +1.787   -0.899
+333.400   +1.788   -0.896
+333.500   +1.790   -0.892
+333.600   +1.791   -0.889
+333.700   +1.793   -0.886
+333.800   +1.795   -0.883
+333.900   +1.796   -0.880
+334.000   +1.798   -0.877
+334.100   +1.799   -0.874
+334.200   +1.801   -0.870
+334.300   +1.802   -0.867
+334.400   +1.804   -0.864
+334.500   +1.805   -0.861
+334.600   +1.807   -0.858
+334.700   +1.808   -0.855
+334.800   +1.810   -0.852
+334.900   +1.811   -0.848
+335.000   +1.813   -0.845
+335.100   +1.814   -0.842
+335.200   +1.816   -0.839
+335.300   +1.817   -0.836
+335.400   +1.818   -0.833
+335.500   +1.820   -0.829
+335.600   +1.821   -0.826
+335.700   +1.823   -0.823
+335.800   +1.824   -0.820
+335.900   +1.826   -0.817
+336.000   +1.827   -0.813
+336.100   +1.829   -0.810
+336.200   +1.830   -0.807
+336.300   +1.831   -0.804
+336.400   +1.833   -0.801
+336.500   +1.834   -0.797
+336.600   +1.836   -0.794
+336.700   +1.837   -0.791
+336.800   +1.838   -0.788
+336.900   +1.840   -0.785
+337.000   +1.841   -0.781
+337.100   +1.842   -0.778
+337.200   +1.844   -0.775
+337.300   +1.845   -0.772
+337.400   +1.846   -0.769
+337.500   +1.848   -0.765
+337.600   +1.849   -0.762
+337.700   +1.850   -0.759
+337.800   +1.852   -0.756
+337.900   +1.853   -0.752
+338.000   +1.854   -0.749
+338.100   +1.856   -0.746
+338.200   +1.857   -0.743
+338.300   +1.858   -0.739
+338.400   +1.860   -0.736
+338.500   +1.861   -0.733
+338.600   +1.862   -0.730
+338.700   +1.863   -0.727
+338.800   +1.865   -0.723
+338.900   +1.866   -0.720
+339.000   +1.867   -0.717
+339.100   +1.868   -0.713
+339.200   +1.870   -0.710
+339.300   +1.871   -0.707
+339.400   +1.872   -0.704
+339.500   +1.873   -0.700
+339.600   +1.875   -0.697
+339.700   +1.876   -0.694
+339.800   +1.877   -0.691
+339.900   +1.878   -0.687
+340.000   +1.879   -0.684
+340.100   +1.881   -0.681
+340.200   +1.882   -0.677
+340.300   +1.883   -0.674
+340.400   +1.884   -0.671
+340.500   +1.885   -0.668
+340.600   +1.886   -0.664
+340.700   +1.888   -0.661
+340.800   +1.889   -0.658
+340.900   +1.890   -0.654
+341.000   +1.891   -0.651
+341.100   +1.892   -0.648
+341.200   +1.893   -0.645
+341.300   +1.894   -0.641
+341.400   +1.896   -0.638
+341.500   +1.897   -0.635
+341.600   +1.898   -0.631
+341.700   +1.899   -0.628
+341.800   +1.900   -0.625
+341.900   +1.901   -0.621
+342.000   +1.902   -0.618
+342.100   +1.903   -0.615
+342.200   +1.904   -0.611
+342.300   +1.905   -0.608
+342.400   +1.906   -0.605
+342.500   +1.907   -0.601
+342.600   +1.908   -0.598
+342.700   +1.910   -0.595
+342.800   +1.911   -0.591
+342.900   +1.912   -0.588
+343.000   +1.913   -0.585
+343.100   +1.914   -0.581
+343.200   +1.915   -0.578
+343.300   +1.916   -0.575
+343.400   +1.917   -0.571
+343.500   +1.918   -0.568
+343.600   +1.919   -0.565
+343.700   +1.920   -0.561
+343.800   +1.921   -0.558
+343.900   +1.922   -0.555
+344.000   +1.923   -0.551
+344.100   +1.923   -0.548
+344.200   +1.924   -0.545
+344.300   +1.925   -0.541
+344.400   +1.926   -0.538
+344.500   +1.927   -0.534
+344.600   +1.928   -0.531
+344.700   +1.929   -0.528
+344.800   +1.930   -0.524
+344.900   +1.931   -0.521
+345.000   +1.932   -0.518
+345.100   +1.933   -0.514
+345.200   +1.934   -0.511
+345.300   +1.935   -0.508
+345.400   +1.935   -0.504
+345.500   +1.936   -0.501
+345.600   +1.937   -0.497
+345.700   +1.938   -0.494
+345.800   +1.939   -0.491
+345.900   +1.940   -0.487
+346.000   +1.941   -0.484
+346.100   +1.941   -0.480
+346.200   +1.942   -0.477
+346.300   +1.943   -0.474
+346.400   +1.944   -0.470
+346.500   +1.945   -0.467
+346.600   +1.946   -0.463
+346.700   +1.946   -0.460
+346.800   +1.947   -0.457
+346.900   +1.948   -0.453
+347.000   +1.949   -0.450
+347.100   +1.950   -0.447
+347.200   +1.950   -0.443
+347.300   +1.951   -0.440
+347.400   +1.952   -0.436
+347.500   +1.953   -0.433
+347.600   +1.953   -0.429
+347.700   +1.954   -0.426
+347.800   +1.955   -0.423
+347.900   +1.956   -0.419
+348.000   +1.956   -0.416
+348.100   +1.957   -0.412
+348.200   +1.958   -0.409
+348.300   +1.958   -0.406
+348.400   +1.959   -0.402
+348.500   +1.960   -0.399
+348.600   +1.961   -0.395
+348.700   +1.961   -0.392
+348.800   +1.962   -0.388
+348.900   +1.963   -0.385
+349.000   +1.963   -0.382
+349.100   +1.964   -0.378
+349.200   +1.965   -0.375
+349.300   +1.965   -0.371
+349.400   +1.966   -0.368
+349.500   +1.967   -0.364
+349.600   +1.967   -0.361
+349.700   +1.968   -0.358
+349.800   +1.968   -0.354
+349.900   +1.969   -0.351
+350.000   +1.970   -0.347
+350.100   +1.970   -0.344
+350.200   +1.971   -0.340
+350.300   +1.971   -0.337
+350.400   +1.972   -0.334
+350.500   +1.973   -0.330
+350.600   +1.973   -0.327
+350.700   +1.974   -0.323
+350.800   +1.974   -0.320
+350.900   +1.975   -0.316
+351.000   +1.975   -0.313
+351.100   +1.976   -0.309
+351.200   +1.976   -0.306
+351.300   +1.977   -0.303
+351.400   +1.978   -0.299
+351.500   +1.978   -0.296
+351.600   +1.979   -0.292
+351.700   +1.979   -0.289
+351.800   +1.980   -0.285
+351.900   +1.980   -0.282
+352.000   +1.981   -0.278
+352.100   +1.981   -0.275
+352.200   +1.981   -0.271
+352.300   +1.982   -0.268
+352.400   +1.982   -0.265
+352.500   +1.983   -0.261
+352.600   +1.983   -0.258
+352.700   +1.984   -0.254
+352.800   +1.984   -0.251
+352.900   +1.985   -0.247
+353.000   +1.985   -0.244
+353.100   +1.986   -0.240
+353.200   +1.986   -0.237
+353.300   +1.986   -0.233
+353.400   +1.987   -0.230
+353.500   +1.987   -0.226
+353.600   +1.988   -0.223
+353.700   +1.988   -0.219
+353.800   +1.988   -0.216
+353.900   +1.989   -0.213
+354.000   +1.989   -0.209
+354.100   +1.989   -0.206
+354.200   +1.990   -0.202
+354.300   +1.990   -0.199
+354.400   +1.990   -0.195
+354.500   +1.991   -0.192
+354.600   +1.991   -0.188
+354.700   +1.991   -0.185
+354.800   +1.992   -0.181
+354.900   +1.992   -0.178
+355.000   +1.992   -0.174
+355.100   +1.993   -0.171
+355.200   +1.993   -0.167
+355.300   +1.993   -0.164
+355.400   +1.994   -0.160
+355.500   +1.994   -0.157
+355.600   +1.994   -0.153
+355.700   +1.994   -0.150
+355.800   +1.995   -0.146
+355.900   +1.995   -0.143
+356.000   +1.995   -0.140
+356.100   +1.995   -0.136
+356.200   +1.996   -0.133
+356.300   +1.996   -0.129
+356.400   +1.996   -0.126
+356.500   +1.996   -0.122
+356.600   +1.996   -0.119
+356.700   +1.997   -0.115
+356.800   +1.997   -0.112
+356.900   +1.997   -0.108
+357.000   +1.997   -0.105
+357.100   +1.997   -0.101
+357.200   +1.998   -0.098
+357.300   +1.998   -0.094
+357.400   +1.998   -0.091
+357.500   +1.998   -0.087
+357.600   +1.998   -0.084
+357.700   +1.998   -0.080
+357.800   +1.999   -0.077
+357.900   +1.999   -0.073
+358.000   +1.999   -0.070
+358.100   +1.999   -0.066
+358.200   +1.999   -0.063
+358.300   +1.999   -0.059
+358.400   +1.999   -0.056
+358.500   +1.999   -0.052
+358.600   +1.999   -0.049
+358.700   +1.999   -0.045
+358.800   +2.000   -0.042
+358.900   +2.000   -0.038
+359.000   +2.000   -0.035
+359.100   +2.000   -0.031
+359.200   +2.000   -0.028
+359.300   +2.000   -0.024
+359.400   +2.000   -0.021
+359.500   +2.000   -0.017
+359.600   +2.000   -0.014
+359.700   +2.000   -0.010
+359.800   +2.000   -0.007
+359.900   +2.000   -0.003
